Chromosome	Start	End	GC_Content
Chr1	1	500001	51.0892
Chr1	500001	1000001	50.6768
Chr1	1000001	1500001	49.6342
Chr1	1500001	2000001	48.3956
Chr1	2000001	2500001	46.524
Chr1	2500001	3000001	47.403
Chr1	3000001	3500001	47.2518
Chr1	3500001	4000001	46.9064
Chr1	4000001	4500001	46.0982
Chr1	4500001	5000001	45.6814
Chr1	5000001	5500001	44.056200000000004
Chr1	5500001	6000001	45.0566
Chr1	6000001	6500001	44.3664
Chr1	6500001	7000001	44.316
Chr1	7000001	7500001	44.6982
Chr1	7500001	8000001	44.6718
Chr1	8000001	8500001	44.2218
Chr1	8500001	9000001	44.4974
Chr1	9000001	9500001	44.2614
Chr1	9500001	10000001	44.3102
Chr1	10000001	10500001	44.4768
Chr1	10500001	11000001	44.6444
Chr1	11000001	11500001	43.602000000000004
Chr1	11500001	12000001	42.735800000000005
Chr1	12000001	12500001	43.595
Chr1	12500001	13000001	43.0898
Chr1	13000001	13500001	42.9808
Chr1	13500001	14000001	43.8934
Chr1	14000001	14500001	43.5662
Chr1	14500001	15000001	43.2166
Chr1	15000001	15500001	43.1062
Chr1	15500001	16000001	42.754599999999996
Chr1	16000001	16500001	43.664199999999994
Chr1	16500001	17000001	43.1276
Chr1	17000001	17500001	42.5978
Chr1	17500001	18000001	43.6344
Chr1	18000001	18500001	42.8608
Chr1	18500001	19000001	43.9152
Chr1	19000001	19500001	42.320600000000006
Chr1	19500001	20000001	43.4052
Chr1	20000001	20500001	43.547200000000004
Chr1	20500001	21000001	42.5428
Chr1	21000001	21500001	42.992000000000004
Chr1	21500001	22000001	42.3386
Chr1	22000001	22500001	42.888
Chr1	22500001	23000001	43.2242
Chr1	23000001	23500001	43.1498
Chr1	23500001	24000001	43.1694
Chr1	24000001	24500001	43.473
Chr1	24500001	25000001	43.4032
Chr1	25000001	25500001	43.2038
Chr1	25500001	26000001	42.5794
Chr1	26000001	26500001	42.9402
Chr1	26500001	27000001	43.3228
Chr1	27000001	27500001	42.9154
Chr1	27500001	28000001	43.318400000000004
Chr1	28000001	28500001	43.723800000000004
Chr1	28500001	29000001	43.5826
Chr1	29000001	29500001	43.653
Chr1	29500001	30000001	43.5306
Chr1	30000001	30500001	43.4588
Chr1	30500001	31000001	43.6984
Chr1	31000001	31500001	50.2152
Chr1	31500001	32000001	47.192
Chr1	32000001	32500001	46.241
Chr1	32500001	33000001	45.969
Chr1	33000001	33500001	45.3442
Chr1	33500001	34000001	44.2044
Chr1	34000001	34500001	43.632
Chr1	34500001	35000001	43.6084
Chr1	35000001	35500001	44.8104
Chr1	35500001	36000001	44.724599999999995
Chr1	36000001	36500001	45.025999999999996
Chr1	36500001	37000001	44.6006
Chr1	37000001	37500001	44.71
Chr1	37500001	38000001	44.111200000000004
Chr1	38000001	38500001	43.9276
Chr1	38500001	39000001	43.506
Chr1	39000001	39500001	43.9176
Chr1	39500001	40000001	44.013000000000005
Chr1	40000001	40500001	44.0854
Chr1	40500001	41000001	43.6102
Chr1	41000001	41500001	43.8148
Chr1	41500001	42000001	43.6406
Chr1	42000001	42500001	42.2198
Chr1	42500001	43000001	42.842
Chr1	43000001	43500001	42.9424
Chr1	43500001	44000001	43.1132
Chr1	44000001	44500001	42.8036
Chr1	44500001	45000001	42.5072
Chr1	45000001	45500001	43.1958
Chr1	45500001	46000001	43.5908
Chr1	46000001	46500001	43.337599999999995
Chr1	46500001	47000001	43.400800000000004
Chr1	47000001	47500001	42.3408
Chr1	47500001	48000001	42.208800000000004
Chr1	48000001	48500001	43.3436
Chr1	48500001	49000001	43.0736
Chr1	49000001	49500001	43.038
Chr1	49500001	50000001	43.9094
Chr1	50000001	50500001	43.624
Chr1	50500001	51000001	43.154199999999996
Chr1	51000001	51500001	43.0446
Chr1	51500001	52000001	42.3216
Chr1	52000001	52500001	44.186
Chr1	52500001	53000001	41.778999999999996
Chr1	53000001	53500001	41.2634
Chr1	53500001	54000001	43.086999999999996
Chr1	54000001	54500001	43.029
Chr1	54500001	55000001	42.233599999999996
Chr1	55000001	55500001	43.5544
Chr1	55500001	56000001	42.4962
Chr1	56000001	56500001	42.242200000000004
Chr1	56500001	57000001	42.6
Chr1	57000001	57500001	43.132799999999996
Chr1	57500001	58000001	42.776199999999996
Chr1	58000001	58500001	42.6438
Chr1	58500001	59000001	42.8322
Chr1	59000001	59500001	41.788399999999996
Chr1	59500001	60000001	40.949600000000004
Chr1	60000001	60500001	41.8884
Chr1	60500001	61000001	43.0424
Chr1	61000001	61500001	43.162800000000004
Chr1	61500001	62000001	42.5456
Chr1	62000001	62500001	43.66
Chr1	62500001	63000001	42.3726
Chr1	63000001	63500001	42.6162
Chr1	63500001	64000001	43.553799999999995
Chr1	64000001	64500001	42.7192
Chr1	64500001	65000001	43.351600000000005
Chr1	65000001	65500001	42.0518
Chr1	65500001	66000001	43.2846
Chr1	66000001	66500001	43.2834
Chr1	66500001	67000001	42.9444
Chr1	67000001	67500001	42.379
Chr1	67500001	68000001	42.394999999999996
Chr1	68000001	68500001	43.5338
Chr1	68500001	69000001	43.4412
Chr1	69000001	69500001	43.5996
Chr1	69500001	70000001	42.9728
Chr1	70000001	70500001	42.3862
Chr1	70500001	71000001	41.5696
Chr1	71000001	71500001	42.0264
Chr1	71500001	72000001	43.5062
Chr1	72000001	72500001	43.8012
Chr1	72500001	73000001	43.880599999999994
Chr1	73000001	73500001	43.275200000000005
Chr1	73500001	74000001	43.3392
Chr1	74000001	74500001	41.488
Chr1	74500001	75000001	42.304
Chr1	75000001	75500001	41.815400000000004
Chr1	75500001	76000001	42.5388
Chr1	76000001	76500001	42.9934
Chr1	76500001	77000001	43.0312
Chr1	77000001	77500001	42.5392
Chr1	77500001	78000001	41.702600000000004
Chr1	78000001	78500001	42.1232
Chr1	78500001	79000001	42.282199999999996
Chr1	79000001	79500001	41.9494
Chr1	79500001	80000001	42.8536
Chr1	80000001	80500001	41.6864
Chr1	80500001	81000001	43.0834
Chr1	81000001	81500001	41.467999999999996
Chr1	81500001	82000001	42.1186
Chr1	82000001	82500001	42.6166
Chr1	82500001	83000001	42.810199999999995
Chr1	83000001	83500001	42.0014
Chr1	83500001	84000001	42.7118
Chr1	84000001	84500001	43.147000000000006
Chr1	84500001	85000001	42.7078
Chr1	85000001	85500001	43.2974
Chr1	85500001	86000001	42.6612
Chr1	86000001	86500001	42.7778
Chr1	86500001	87000001	42.2242
Chr1	87000001	87500001	42.7556
Chr1	87500001	88000001	42.9786
Chr1	88000001	88500001	42.2184
Chr1	88500001	89000001	43.318200000000004
Chr1	89000001	89500001	41.9668
Chr1	89500001	90000001	41.373599999999996
Chr1	90000001	90500001	42.423
Chr1	90500001	91000001	42.539
Chr1	91000001	91500001	43.032
Chr1	91500001	92000001	41.7104
Chr1	92000001	92500001	41.1308
Chr1	92500001	93000001	41.946
Chr1	93000001	93500001	41.999399999999994
Chr1	93500001	94000001	42.9482
Chr1	94000001	94500001	43.6996
Chr1	94500001	95000001	42.0402
Chr1	95000001	95500001	42.0524
Chr1	95500001	96000001	41.7988
Chr1	96000001	96500001	42.397600000000004
Chr1	96500001	97000001	41.593599999999995
Chr1	97000001	97500001	41.471999999999994
Chr1	97500001	98000001	42.233399999999996
Chr1	98000001	98500001	41.726600000000005
Chr1	98500001	99000001	41.2092
Chr1	99000001	99500001	41.867599999999996
Chr1	99500001	100000001	43.1766
Chr1	100000001	100500001	43.0662
Chr1	100500001	101000001	42.397
Chr1	101000001	101500001	42.591
Chr1	101500001	102000001	42.5884
Chr1	102000001	102500001	41.3638
Chr1	102500001	103000001	42.3592
Chr1	103000001	103500001	42.6834
Chr1	103500001	104000001	42.619
Chr1	104000001	104500001	42.5186
Chr1	104500001	105000001	42.0542
Chr1	105000001	105500001	41.987
Chr1	105500001	106000001	42.449999999999996
Chr1	106000001	106500001	41.2528
Chr1	106500001	107000001	42.964
Chr1	107000001	107500001	42.675200000000004
Chr1	107500001	108000001	42.0474
Chr1	108000001	108500001	41.6736
Chr1	108500001	109000001	43.007600000000004
Chr1	109000001	109500001	42.8548
Chr1	109500001	110000001	43.3268
Chr1	110000001	110500001	42.102000000000004
Chr1	110500001	111000001	42.1138
Chr1	111000001	111500001	43.095
Chr1	111500001	112000001	42.4722
Chr1	112000001	112500001	42.2862
Chr1	112500001	113000001	42.9314
Chr1	113000001	113500001	42.719
Chr1	113500001	114000001	41.7864
Chr1	114000001	114500001	42.6786
Chr1	114500001	115000001	42.115
Chr1	115000001	115500001	42.782399999999996
Chr1	115500001	116000001	42.0846
Chr1	116000001	116500001	42.202600000000004
Chr1	116500001	117000001	42.0674
Chr1	117000001	117500001	41.9576
Chr1	117500001	118000001	42.6098
Chr1	118000001	118500001	42.385600000000004
Chr1	118500001	119000001	41.6158
Chr1	119000001	119500001	42.229
Chr1	119500001	120000001	43.020399999999995
Chr1	120000001	120500001	42.4998
Chr1	120500001	121000001	41.867
Chr1	121000001	121500001	41.9392
Chr1	121500001	122000001	42.522999999999996
Chr1	122000001	122500001	42.3754
Chr1	122500001	123000001	41.8634
Chr1	123000001	123500001	42.931799999999996
Chr1	123500001	124000001	42.4758
Chr1	124000001	124500001	41.9594
Chr1	124500001	125000001	42.119800000000005
Chr1	125000001	125500001	42.9694
Chr1	125500001	126000001	42.7014
Chr1	126000001	126500001	42.3962
Chr1	126500001	127000001	42.5102
Chr1	127000001	127500001	41.782799999999995
Chr1	127500001	128000001	42.5348
Chr1	128000001	128500001	43.068
Chr1	128500001	129000001	42.5296
Chr1	129000001	129500001	42.5062
Chr1	129500001	130000001	42.849
Chr1	130000001	130500001	41.9676
Chr1	130500001	131000001	42.3918
Chr1	131000001	131500001	42.79
Chr1	131500001	132000001	42.0204
Chr1	132000001	132500001	42.5202
Chr1	132500001	133000001	41.769600000000004
Chr1	133000001	133500001	42.1124
Chr1	133500001	134000001	41.9884
Chr1	134000001	134500001	42.7798
Chr1	134500001	135000001	42.979800000000004
Chr1	135000001	135500001	42.4852
Chr1	135500001	136000001	42.6284
Chr1	136000001	136500001	42.8704
Chr1	136500001	137000001	43.4816
Chr1	137000001	137500001	42.364000000000004
Chr1	137500001	138000001	41.4068
Chr1	138000001	138500001	41.9824
Chr1	138500001	139000001	41.751599999999996
Chr1	139000001	139500001	42.6952
Chr1	139500001	140000001	42.477199999999996
Chr1	140000001	140500001	42.1782
Chr1	140500001	141000001	42.1774
Chr1	141000001	141500001	42.436800000000005
Chr1	141500001	142000001	42.516799999999996
Chr1	142000001	142500001	42.7342
Chr1	142500001	143000001	43.0388
Chr1	143000001	143500001	43.486799999999995
Chr1	143500001	144000001	42.382
Chr1	144000001	144500001	41.5646
Chr1	144500001	145000001	42.3864
Chr1	145000001	145500001	42.677
Chr1	145500001	146000001	43.064
Chr1	146000001	146500001	43.4636
Chr1	146500001	147000001	43.1016
Chr1	147000001	147500001	43.440400000000004
Chr1	147500001	148000001	41.7342
Chr1	148000001	148500001	43.19
Chr1	148500001	149000001	42.5248
Chr1	149000001	149500001	42.6654
Chr1	149500001	150000001	42.7806
Chr1	150000001	150500001	43.338
Chr1	150500001	151000001	43.025400000000005
Chr1	151000001	151500001	42.4616
Chr1	151500001	152000001	43.43
Chr1	152000001	152500001	42.5878
Chr1	152500001	153000001	42.6418
Chr1	153000001	153500001	43.1226
Chr1	153500001	154000001	42.7228
Chr1	154000001	154500001	43.3812
Chr1	154500001	155000001	42.516799999999996
Chr1	155000001	155500001	43.0342
Chr1	155500001	156000001	42.9402
Chr1	156000001	156500001	42.0904
Chr1	156500001	157000001	41.1928
Chr1	157000001	157500001	42.946200000000005
Chr1	157500001	158000001	42.809799999999996
Chr1	158000001	158500001	42.9094
Chr1	158500001	159000001	42.3462
Chr1	159000001	159500001	43.032
Chr1	159500001	160000001	43.0032
Chr1	160000001	160500001	42.376200000000004
Chr1	160500001	161000001	42.618
Chr1	161000001	161500001	41.696600000000004
Chr1	161500001	162000001	42.4514
Chr1	162000001	162500001	42.3216
Chr1	162500001	163000001	41.875800000000005
Chr1	163000001	163500001	43.2002
Chr1	163500001	164000001	43.4058
Chr1	164000001	164500001	43.191
Chr1	164500001	165000001	43.2106
Chr1	165000001	165500001	42.845
Chr1	165500001	166000001	41.666
Chr1	166000001	166500001	42.2324
Chr1	166500001	167000001	43.0302
Chr1	167000001	167500001	42.8346
Chr1	167500001	168000001	42.5762
Chr1	168000001	168500001	42.4768
Chr1	168500001	169000001	42.771
Chr1	169000001	169500001	41.8588
Chr1	169500001	170000001	43.4922
Chr1	170000001	170500001	41.4734
Chr1	170500001	171000001	43.004599999999996
Chr1	171000001	171500001	42.3468
Chr1	171500001	172000001	43.2236
Chr1	172000001	172500001	43.03
Chr1	172500001	173000001	42.965199999999996
Chr1	173000001	173500001	42.6438
Chr1	173500001	174000001	42.8632
Chr1	174000001	174500001	42.2368
Chr1	174500001	175000001	42.4998
Chr1	175000001	175500001	42.577
Chr1	175500001	176000001	42.6238
Chr1	176000001	176500001	41.916
Chr1	176500001	177000001	43.1634
Chr1	177000001	177500001	42.503
Chr1	177500001	178000001	43.137
Chr1	178000001	178500001	43.2376
Chr1	178500001	179000001	43.0524
Chr1	179000001	179500001	42.553200000000004
Chr1	179500001	180000001	42.980000000000004
Chr1	180000001	180500001	42.586600000000004
Chr1	180500001	181000001	43.403000000000006
Chr1	181000001	181500001	42.947
Chr1	181500001	182000001	42.416
Chr1	182000001	182500001	41.8344
Chr1	182500001	183000001	43.209399999999995
Chr1	183000001	183500001	42.3514
Chr1	183500001	184000001	42.998799999999996
Chr1	184000001	184500001	42.288399999999996
Chr1	184500001	185000001	41.477199999999996
Chr1	185000001	185500001	41.5826
Chr1	185500001	186000001	40.8874
Chr1	186000001	186500001	42.844
Chr1	186500001	187000001	41.1904
Chr1	187000001	187500001	42.137
Chr1	187500001	188000001	42.6214
Chr1	188000001	188500001	42.4124
Chr1	188500001	189000001	41.9078
Chr1	189000001	189500001	42.18
Chr1	189500001	190000001	42.3046
Chr1	190000001	190500001	41.8858
Chr1	190500001	191000001	41.7256
Chr1	191000001	191500001	41.5962
Chr1	191500001	192000001	41.1688
Chr1	192000001	192500001	42.3214
Chr1	192500001	193000001	42.8878
Chr1	193000001	193500001	43.7522
Chr1	193500001	194000001	43.1176
Chr1	194000001	194500001	42.465599999999995
Chr1	194500001	195000001	42.0796
Chr1	195000001	195500001	42.8594
Chr1	195500001	196000001	42.9896
Chr1	196000001	196500001	42.6084
Chr1	196500001	197000001	43.4578
Chr1	197000001	197500001	43.3178
Chr1	197500001	198000001	42.8428
Chr1	198000001	198500001	42.370400000000004
Chr1	198500001	199000001	42.202
Chr1	199000001	199500001	40.527
Chr1	199500001	200000001	42.0354
Chr1	200000001	200500001	42.274
Chr1	200500001	201000001	43.746
Chr1	201000001	201500001	42.3082
Chr1	201500001	202000001	42.0192
Chr1	202000001	202500001	41.8606
Chr1	202500001	203000001	41.9996
Chr1	203000001	203500001	42.9244
Chr1	203500001	204000001	42.686800000000005
Chr1	204000001	204500001	42.0034
Chr1	204500001	205000001	42.1526
Chr1	205000001	205500001	42.754
Chr1	205500001	206000001	42.9472
Chr1	206000001	206500001	42.629
Chr1	206500001	207000001	42.3892
Chr1	207000001	207500001	42.742000000000004
Chr1	207500001	208000001	42.0654
Chr1	208000001	208500001	42.9088
Chr1	208500001	209000001	42.6512
Chr1	209000001	209500001	42.4818
Chr1	209500001	210000001	41.791
Chr1	210000001	210500001	41.8866
Chr1	210500001	211000001	42.1298
Chr1	211000001	211500001	42.4052
Chr1	211500001	212000001	43.1044
Chr1	212000001	212500001	42.0822
Chr1	212500001	213000001	42.5564
Chr1	213000001	213500001	42.1528
Chr1	213500001	214000001	41.7392
Chr1	214000001	214500001	43.0748
Chr1	214500001	215000001	42.0236
Chr1	215000001	215500001	42.0698
Chr1	215500001	216000001	42.8666
Chr1	216000001	216500001	42.7382
Chr1	216500001	217000001	42.729800000000004
Chr1	217000001	217500001	41.985
Chr1	217500001	218000001	41.675000000000004
Chr1	218000001	218500001	42.1168
Chr1	218500001	219000001	42.2368
Chr1	219000001	219500001	41.6482
Chr1	219500001	220000001	41.951
Chr1	220000001	220500001	41.871199999999995
Chr1	220500001	221000001	42.4952
Chr1	221000001	221500001	41.8834
Chr1	221500001	222000001	42.024
Chr1	222000001	222500001	41.6024
Chr1	222500001	223000001	42.2292
Chr1	223000001	223500001	41.5392
Chr1	223500001	224000001	42.330400000000004
Chr1	224000001	224500001	41.9778
Chr1	224500001	225000001	42.5888
Chr1	225000001	225500001	42.5276
Chr1	225500001	226000001	43.1854
Chr1	226000001	226500001	42.0572
Chr1	226500001	227000001	42.65
Chr1	227000001	227500001	42.8764
Chr1	227500001	228000001	42.5002
Chr1	228000001	228500001	41.9576
Chr1	228500001	229000001	41.7132
Chr1	229000001	229500001	42.5462
Chr1	229500001	230000001	42.3208
Chr1	230000001	230500001	42.952400000000004
Chr1	230500001	231000001	42.0604
Chr1	231000001	231500001	43.3758
Chr1	231500001	232000001	42.8196
Chr1	232000001	232500001	43.4314
Chr1	232500001	233000001	43.242599999999996
Chr1	233000001	233500001	42.701
Chr1	233500001	234000001	43.5824
Chr1	234000001	234500001	42.8964
Chr1	234500001	235000001	43.919000000000004
Chr1	235000001	235500001	43.7994
Chr1	235500001	236000001	44.6674
Chr1	236000001	236500001	44.9312
Chr1	236500001	237000001	45.440000000000005
Chr1	237000001	237500001	44.9386
Chr1	237500001	238000001	43.2906
Chr1	238000001	238500001	44.3212
Chr1	238500001	239000001	44.303399999999996
Chr1	239000001	239500001	43.208
Chr1	239500001	240000001	44.6274
Chr1	240000001	240500001	43.5284
Chr1	240500001	241000001	43.3634
Chr1	241000001	241500001	44.114
Chr1	241500001	242000001	43.574
Chr1	242000001	242500001	43.4888
Chr1	242500001	243000001	44.674
Chr1	243000001	243500001	43.6926
Chr1	243500001	244000001	43.8694
Chr1	244000001	244500001	44.1346
Chr1	244500001	245000001	42.4004
Chr1	245000001	245500001	42.0502
Chr1	245500001	246000001	42.6596
Chr1	246000001	246500001	43.082
Chr1	246500001	247000001	42.5796
Chr1	247000001	247500001	42.353
Chr1	247500001	248000001	43.0164
Chr1	248000001	248500001	42.6718
Chr1	248500001	249000001	42.2254
Chr1	249000001	249500001	43.0426
Chr1	249500001	250000001	42.775999999999996
Chr1	250000001	250500001	43.7406
Chr1	250500001	251000001	41.6036
Chr1	251000001	251500001	43.0976
Chr1	251500001	252000001	42.613
Chr1	252000001	252500001	41.876799999999996
Chr1	252500001	253000001	42.2446
Chr1	253000001	253500001	41.416799999999995
Chr1	253500001	254000001	41.132200000000005
Chr1	254000001	254500001	41.4614
Chr1	254500001	255000001	42.6284
Chr1	255000001	255500001	42.253800000000005
Chr1	255500001	256000001	43.1996
Chr1	256000001	256500001	42.1946
Chr1	256500001	257000001	41.204
Chr1	257000001	257500001	42.1374
Chr1	257500001	258000001	42.8238
Chr1	258000001	258500001	41.9522
Chr1	258500001	259000001	41.044000000000004
Chr1	259000001	259500001	42.3874
Chr1	259500001	260000001	42.6636
Chr1	260000001	260500001	42.7894
Chr1	260500001	261000001	42.1168
Chr1	261000001	261500001	41.794399999999996
Chr1	261500001	262000001	42.2304
Chr1	262000001	262500001	41.4532
Chr1	262500001	263000001	41.847
Chr1	263000001	263500001	43.0842
Chr1	263500001	264000001	42.535000000000004
Chr1	264000001	264500001	42.532
Chr1	264500001	265000001	42.632799999999996
Chr1	265000001	265500001	42.247800000000005
Chr1	265500001	266000001	42.5056
Chr1	266000001	266500001	42.6806
Chr1	266500001	267000001	41.2188
Chr1	267000001	267500001	42.0294
Chr1	267500001	268000001	42.0486
Chr1	268000001	268500001	42.447
Chr1	268500001	269000001	42.8898
Chr1	269000001	269500001	42.373
Chr1	269500001	270000001	41.8174
Chr1	270000001	270500001	41.9456
Chr1	270500001	271000001	42.2022
Chr1	271000001	271500001	42.2734
Chr1	271500001	272000001	42.3558
Chr1	272000001	272500001	42.8446
Chr1	272500001	273000001	43.148399999999995
Chr1	273000001	273500001	43.3618
Chr1	273500001	274000001	42.7616
Chr1	274000001	274500001	42.2228
Chr1	274500001	275000001	43.092200000000005
Chr1	275000001	275500001	43.1824
Chr1	275500001	276000001	42.9484
Chr1	276000001	276500001	42.634
Chr1	276500001	277000001	43.0178
Chr1	277000001	277500001	44.1856
Chr1	277500001	278000001	42.9146
Chr1	278000001	278500001	43.4326
Chr1	278500001	279000001	42.6782
Chr1	279000001	279500001	42.6506
Chr1	279500001	280000001	42.7162
Chr1	280000001	280500001	42.753600000000006
Chr1	280500001	281000001	42.5002
Chr1	281000001	281500001	42.8044
Chr1	281500001	282000001	43.229
Chr1	282000001	282500001	43.5852
Chr1	282500001	283000001	43.2472
Chr1	283000001	283500001	42.8568
Chr1	283500001	284000001	43.8726
Chr1	284000001	284500001	42.370000000000005
Chr1	284500001	285000001	42.709599999999995
Chr1	285000001	285500001	42.1482
Chr1	285500001	286000001	43.2852
Chr1	286000001	286500001	43.4982
Chr1	286500001	287000001	43.6254
Chr1	287000001	287500001	43.7554
Chr1	287500001	288000001	44.034
Chr1	288000001	288500001	44.2948
Chr1	288500001	289000001	43.7226
Chr1	289000001	289500001	42.1518
Chr1	289500001	290000001	42.9664
Chr1	290000001	290500001	42.803999999999995
Chr1	290500001	291000001	41.862
Chr1	291000001	291500001	42.467
Chr1	291500001	292000001	42.971199999999996
Chr1	292000001	292500001	44.8346
Chr1	292500001	293000001	43.1488
Chr1	293000001	293500001	43.8974
Chr1	293500001	294000001	44.4874
Chr1	294000001	294500001	43.619
Chr1	294500001	295000001	43.4624
Chr1	295000001	295500001	44.1182
Chr1	295500001	296000001	42.7746
Chr1	296000001	296500001	44.0098
Chr1	296500001	297000001	45.0598
Chr1	297000001	297500001	45.5366
Chr1	297500001	298000001	47.4736
Chr1	298000001	298500001	47.2548
Chr1	298500001	299000001	48.4316
Chr1	299000001	299172356	47.067970177830645
Chr2	1	500001	54.5496
Chr2	500001	1000001	52.49700000000001
Chr2	1000001	1500001	50.391
Chr2	1500001	2000001	49.6946
Chr2	2000001	2500001	46.155
Chr2	2500001	3000001	46.1034
Chr2	3000001	3500001	44.8968
Chr2	3500001	4000001	45.4794
Chr2	4000001	4500001	45.2268
Chr2	4500001	5000001	45.094
Chr2	5000001	5500001	45.3664
Chr2	5500001	6000001	44.7358
Chr2	6000001	6500001	44.9922
Chr2	6500001	7000001	44.9562
Chr2	7000001	7500001	45.208
Chr2	7500001	8000001	44.2334
Chr2	8000001	8500001	43.901
Chr2	8500001	9000001	43.1774
Chr2	9000001	9500001	44.6596
Chr2	9500001	10000001	43.836000000000006
Chr2	10000001	10500001	43.1438
Chr2	10500001	11000001	43.7944
Chr2	11000001	11500001	41.6414
Chr2	11500001	12000001	42.9632
Chr2	12000001	12500001	43.3498
Chr2	12500001	13000001	42.6886
Chr2	13000001	13500001	43.1466
Chr2	13500001	14000001	43.0556
Chr2	14000001	14500001	42.626799999999996
Chr2	14500001	15000001	43.081399999999995
Chr2	15000001	15500001	42.2468
Chr2	15500001	16000001	41.611599999999996
Chr2	16000001	16500001	43.447599999999994
Chr2	16500001	17000001	43.0386
Chr2	17000001	17500001	43.1334
Chr2	17500001	18000001	43.992799999999995
Chr2	18000001	18500001	42.6972
Chr2	18500001	19000001	42.4206
Chr2	19000001	19500001	42.943
Chr2	19500001	20000001	43.0808
Chr2	20000001	20500001	42.9496
Chr2	20500001	21000001	41.821999999999996
Chr2	21000001	21500001	43.0098
Chr2	21500001	22000001	42.5844
Chr2	22000001	22500001	42.4268
Chr2	22500001	23000001	42.737
Chr2	23000001	23500001	42.809799999999996
Chr2	23500001	24000001	42.4012
Chr2	24000001	24500001	42.0612
Chr2	24500001	25000001	43.145
Chr2	25000001	25500001	42.2406
Chr2	25500001	26000001	41.3314
Chr2	26000001	26500001	42.1068
Chr2	26500001	27000001	42.797200000000004
Chr2	27000001	27500001	42.4148
Chr2	27500001	28000001	42.4156
Chr2	28000001	28500001	42.5698
Chr2	28500001	29000001	42.126400000000004
Chr2	29000001	29500001	42.1396
Chr2	29500001	30000001	43.0668
Chr2	30000001	30500001	43.0352
Chr2	30500001	31000001	42.065200000000004
Chr2	31000001	31500001	42.0142
Chr2	31500001	32000001	41.3942
Chr2	32000001	32500001	42.203
Chr2	32500001	33000001	42.352000000000004
Chr2	33000001	33500001	42.4398
Chr2	33500001	34000001	42.564800000000005
Chr2	34000001	34500001	42.611
Chr2	34500001	35000001	42.5466
Chr2	35000001	35500001	42.0406
Chr2	35500001	36000001	42.9174
Chr2	36000001	36500001	41.4738
Chr2	36500001	37000001	41.8706
Chr2	37000001	37500001	42.0152
Chr2	37500001	38000001	41.7116
Chr2	38000001	38500001	40.7008
Chr2	38500001	39000001	42.5712
Chr2	39000001	39500001	41.8324
Chr2	39500001	40000001	43.3558
Chr2	40000001	40500001	42.754
Chr2	40500001	41000001	42.7868
Chr2	41000001	41500001	41.592
Chr2	41500001	42000001	42.2652
Chr2	42000001	42500001	42.159400000000005
Chr2	42500001	43000001	41.9062
Chr2	43000001	43500001	41.4676
Chr2	43500001	44000001	41.0562
Chr2	44000001	44500001	42.4964
Chr2	44500001	45000001	42.742599999999996
Chr2	45000001	45500001	42.934
Chr2	45500001	46000001	41.925200000000004
Chr2	46000001	46500001	42.172599999999996
Chr2	46500001	47000001	42.693599999999996
Chr2	47000001	47500001	42.038
Chr2	47500001	48000001	42.3686
Chr2	48000001	48500001	42.1382
Chr2	48500001	49000001	41.7184
Chr2	49000001	49500001	42.5688
Chr2	49500001	50000001	41.9454
Chr2	50000001	50500001	41.36
Chr2	50500001	51000001	42.2366
Chr2	51000001	51500001	42.3292
Chr2	51500001	52000001	42.0814
Chr2	52000001	52500001	42.6254
Chr2	52500001	53000001	41.6646
Chr2	53000001	53500001	42.157
Chr2	53500001	54000001	42.071999999999996
Chr2	54000001	54500001	42.7632
Chr2	54500001	55000001	43.038399999999996
Chr2	55000001	55500001	42.8234
Chr2	55500001	56000001	42.4936
Chr2	56000001	56500001	41.922599999999996
Chr2	56500001	57000001	42.4068
Chr2	57000001	57500001	42.331
Chr2	57500001	58000001	42.006
Chr2	58000001	58500001	42.1312
Chr2	58500001	59000001	42.337799999999994
Chr2	59000001	59500001	42.4204
Chr2	59500001	60000001	42.0278
Chr2	60000001	60500001	42.501400000000004
Chr2	60500001	61000001	42.9966
Chr2	61000001	61500001	42.122
Chr2	61500001	62000001	42.7268
Chr2	62000001	62500001	42.168
Chr2	62500001	63000001	42.314800000000005
Chr2	63000001	63500001	42.1564
Chr2	63500001	64000001	42.5176
Chr2	64000001	64500001	42.3248
Chr2	64500001	65000001	42.4662
Chr2	65000001	65500001	42.1944
Chr2	65500001	66000001	41.8276
Chr2	66000001	66500001	43.526199999999996
Chr2	66500001	67000001	41.708800000000004
Chr2	67000001	67500001	42.552800000000005
Chr2	67500001	68000001	42.2014
Chr2	68000001	68500001	42.037600000000005
Chr2	68500001	69000001	42.7004
Chr2	69000001	69500001	40.6422
Chr2	69500001	70000001	41.6208
Chr2	70000001	70500001	41.946600000000004
Chr2	70500001	71000001	42.6302
Chr2	71000001	71500001	42.571999999999996
Chr2	71500001	72000001	41.9088
Chr2	72000001	72500001	42.0988
Chr2	72500001	73000001	41.3802
Chr2	73000001	73500001	41.6438
Chr2	73500001	74000001	41.7842
Chr2	74000001	74500001	42.2988
Chr2	74500001	75000001	41.402
Chr2	75000001	75500001	42.349199999999996
Chr2	75500001	76000001	43.1552
Chr2	76000001	76500001	42.4626
Chr2	76500001	77000001	42.975
Chr2	77000001	77500001	43.0216
Chr2	77500001	78000001	42.8448
Chr2	78000001	78500001	42.5604
Chr2	78500001	79000001	43.4166
Chr2	79000001	79500001	43.811
Chr2	79500001	80000001	43.616
Chr2	80000001	80500001	43.3858
Chr2	80500001	81000001	42.946200000000005
Chr2	81000001	81500001	42.7734
Chr2	81500001	82000001	42.3664
Chr2	82000001	82500001	43.9294
Chr2	82500001	83000001	43.62
Chr2	83000001	83500001	43.126599999999996
Chr2	83500001	84000001	43.162800000000004
Chr2	84000001	84500001	42.6368
Chr2	84500001	85000001	42.709
Chr2	85000001	85500001	42.6726
Chr2	85500001	86000001	42.8596
Chr2	86000001	86500001	41.8002
Chr2	86500001	87000001	42.4546
Chr2	87000001	87500001	42.289
Chr2	87500001	88000001	43.3042
Chr2	88000001	88500001	44.2094
Chr2	88500001	89000001	44.3446
Chr2	89000001	89500001	44.034800000000004
Chr2	89500001	90000001	42.928
Chr2	90000001	90500001	43.649
Chr2	90500001	91000001	43.128
Chr2	91000001	91500001	43.4716
Chr2	91500001	92000001	43.6678
Chr2	92000001	92500001	42.626599999999996
Chr2	92500001	93000001	37.8798
Chr2	93000001	93500001	37.826
Chr2	93500001	94000001	38.0104
Chr2	94000001	94500001	40.6192
Chr2	94500001	95000001	43.174800000000005
Chr2	95000001	95500001	43.2072
Chr2	95500001	96000001	41.9732
Chr2	96000001	96500001	38.7342
Chr2	96500001	97000001	42.3624
Chr2	97000001	97500001	43.9942
Chr2	97500001	98000001	43.8424
Chr2	98000001	98500001	44.2882
Chr2	98500001	99000001	44.3384
Chr2	99000001	99500001	43.681
Chr2	99500001	100000001	43.0754
Chr2	100000001	100500001	44.008399999999995
Chr2	100500001	101000001	42.4984
Chr2	101000001	101500001	42.4884
Chr2	101500001	102000001	42.398
Chr2	102000001	102500001	43.105199999999996
Chr2	102500001	103000001	42.933
Chr2	103000001	103500001	43.2566
Chr2	103500001	104000001	43.9996
Chr2	104000001	104500001	44.1216
Chr2	104500001	105000001	45.1356
Chr2	105000001	105500001	45.0742
Chr2	105500001	106000001	44.1094
Chr2	106000001	106500001	44.3164
Chr2	106500001	107000001	43.7608
Chr2	107000001	107500001	44.344
Chr2	107500001	108000001	44.827
Chr2	108000001	108500001	44.2088
Chr2	108500001	109000001	44.0364
Chr2	109000001	109500001	44.775999999999996
Chr2	109500001	110000001	44.6604
Chr2	110000001	110500001	45.04
Chr2	110500001	111000001	45.2162
Chr2	111000001	111500001	45.0982
Chr2	111500001	112000001	45.3554
Chr2	112000001	112500001	44.3258
Chr2	112500001	113000001	45.119
Chr2	113000001	113500001	45.0508
Chr2	113500001	114000001	45.0028
Chr2	114000001	114500001	44.4014
Chr2	114500001	115000001	43.9572
Chr2	115000001	115500001	43.3482
Chr2	115500001	116000001	44.007200000000005
Chr2	116000001	116500001	44.615
Chr2	116500001	117000001	44.3474
Chr2	117000001	117500001	44.6116
Chr2	117500001	118000001	44.1978
Chr2	118000001	118500001	44.251000000000005
Chr2	118500001	119000001	43.876799999999996
Chr2	119000001	119500001	43.339800000000004
Chr2	119500001	120000001	44.3702
Chr2	120000001	120500001	44.0146
Chr2	120500001	121000001	44.1868
Chr2	121000001	121500001	45.852
Chr2	121500001	122000001	44.8148
Chr2	122000001	122500001	43.9638
Chr2	122500001	123000001	42.409200000000006
Chr2	123000001	123500001	44.214999999999996
Chr2	123500001	124000001	43.842
Chr2	124000001	124500001	43.868
Chr2	124500001	125000001	44.0944
Chr2	125000001	125500001	43.3344
Chr2	125500001	126000001	42.0752
Chr2	126000001	126500001	38.7136
Chr2	126500001	127000001	38.5654
Chr2	127000001	127500001	38.5532
Chr2	127500001	128000001	41.0482
Chr2	128000001	128500001	43.5502
Chr2	128500001	129000001	43.2186
Chr2	129000001	129500001	42.6424
Chr2	129500001	130000001	42.4084
Chr2	130000001	130500001	43.8282
Chr2	130500001	131000001	43.2622
Chr2	131000001	131500001	43.6072
Chr2	131500001	132000001	42.769800000000004
Chr2	132000001	132500001	43.1868
Chr2	132500001	133000001	43.6306
Chr2	133000001	133500001	44.3536
Chr2	133500001	134000001	44.5394
Chr2	134000001	134500001	44.559
Chr2	134500001	135000001	43.2284
Chr2	135000001	135500001	44.3604
Chr2	135500001	136000001	44.996
Chr2	136000001	136500001	44.9214
Chr2	136500001	137000001	43.5156
Chr2	137000001	137500001	50.3838
Chr2	137500001	138000001	42.7484
Chr2	138000001	138500001	41.2896
Chr2	138500001	139000001	42.3682
Chr2	139000001	139500001	42.187799999999996
Chr2	139500001	140000001	43.0306
Chr2	140000001	140500001	43.7166
Chr2	140500001	141000001	42.9444
Chr2	141000001	141500001	43.019600000000004
Chr2	141500001	142000001	42.823
Chr2	142000001	142500001	43.120999999999995
Chr2	142500001	143000001	42.851
Chr2	143000001	143500001	44.195
Chr2	143500001	144000001	44.3262
Chr2	144000001	144500001	43.6564
Chr2	144500001	145000001	44.9252
Chr2	145000001	145500001	43.2656
Chr2	145500001	146000001	42.263400000000004
Chr2	146000001	146500001	43.839
Chr2	146500001	147000001	44.8712
Chr2	147000001	147500001	44.043
Chr2	147500001	148000001	44.1854
Chr2	148000001	148500001	44.5822
Chr2	148500001	149000001	43.0184
Chr2	149000001	149500001	43.034
Chr2	149500001	150000001	42.1972
Chr2	150000001	150500001	44.1858
Chr2	150500001	151000001	43.503
Chr2	151000001	151500001	42.7934
Chr2	151500001	152000001	43.4488
Chr2	152000001	152500001	43.8048
Chr2	152500001	153000001	42.7616
Chr2	153000001	153500001	42.8112
Chr2	153500001	154000001	43.2538
Chr2	154000001	154500001	43.3326
Chr2	154500001	155000001	43.8436
Chr2	155000001	155500001	43.6802
Chr2	155500001	156000001	43.2384
Chr2	156000001	156500001	42.513600000000004
Chr2	156500001	157000001	42.397800000000004
Chr2	157000001	157500001	41.937000000000005
Chr2	157500001	158000001	42.8864
Chr2	158000001	158500001	43.1686
Chr2	158500001	159000001	43.1972
Chr2	159000001	159500001	44.056
Chr2	159500001	160000001	43.6252
Chr2	160000001	160500001	43.1778
Chr2	160500001	161000001	43.772800000000004
Chr2	161000001	161500001	43.0464
Chr2	161500001	162000001	43.8558
Chr2	162000001	162500001	44.3068
Chr2	162500001	163000001	44.3418
Chr2	163000001	163500001	43.4716
Chr2	163500001	164000001	44.232
Chr2	164000001	164500001	42.9966
Chr2	164500001	165000001	42.606
Chr2	165000001	165500001	43.0122
Chr2	165500001	166000001	42.619600000000005
Chr2	166000001	166500001	42.808600000000006
Chr2	166500001	167000001	42.126000000000005
Chr2	167000001	167500001	42.2016
Chr2	167500001	168000001	41.9756
Chr2	168000001	168500001	41.2738
Chr2	168500001	169000001	41.4376
Chr2	169000001	169500001	41.255199999999995
Chr2	169500001	170000001	41.865
Chr2	170000001	170500001	41.8256
Chr2	170500001	171000001	42.154599999999995
Chr2	171000001	171500001	43.0124
Chr2	171500001	172000001	43.181799999999996
Chr2	172000001	172500001	43.3472
Chr2	172500001	173000001	42.5088
Chr2	173000001	173500001	43.0236
Chr2	173500001	174000001	43.153999999999996
Chr2	174000001	174500001	42.8202
Chr2	174500001	175000001	43.1026
Chr2	175000001	175500001	42.5348
Chr2	175500001	176000001	42.403200000000005
Chr2	176000001	176500001	42.424800000000005
Chr2	176500001	177000001	42.8462
Chr2	177000001	177500001	42.320600000000006
Chr2	177500001	178000001	42.254599999999996
Chr2	178000001	178500001	41.841
Chr2	178500001	179000001	42.6156
Chr2	179000001	179500001	42.3324
Chr2	179500001	180000001	41.8346
Chr2	180000001	180500001	42.2264
Chr2	180500001	181000001	42.5272
Chr2	181000001	181500001	43.1814
Chr2	181500001	182000001	42.4028
Chr2	182000001	182500001	42.176399999999994
Chr2	182500001	183000001	42.6854
Chr2	183000001	183500001	42.281800000000004
Chr2	183500001	184000001	41.8692
Chr2	184000001	184500001	42.1058
Chr2	184500001	185000001	41.577
Chr2	185000001	185500001	42.2776
Chr2	185500001	186000001	42.5242
Chr2	186000001	186500001	42.465399999999995
Chr2	186500001	187000001	42.8758
Chr2	187000001	187500001	43.2934
Chr2	187500001	188000001	43.1846
Chr2	188000001	188500001	42.775600000000004
Chr2	188500001	189000001	43.5338
Chr2	189000001	189500001	42.6392
Chr2	189500001	190000001	43.3598
Chr2	190000001	190500001	42.7268
Chr2	190500001	191000001	42.2556
Chr2	191000001	191500001	42.319
Chr2	191500001	192000001	42.428
Chr2	192000001	192500001	42.156
Chr2	192500001	193000001	43.2672
Chr2	193000001	193500001	44.1616
Chr2	193500001	194000001	44.9896
Chr2	194000001	194500001	44.8566
Chr2	194500001	195000001	45.0054
Chr2	195000001	195500001	43.2432
Chr2	195500001	196000001	44.1436
Chr2	196000001	196500001	42.8082
Chr2	196500001	197000001	43.1442
Chr2	197000001	197500001	43.357600000000005
Chr2	197500001	198000001	44.0506
Chr2	198000001	198500001	43.8546
Chr2	198500001	199000001	42.93
Chr2	199000001	199500001	42.9894
Chr2	199500001	200000001	42.2996
Chr2	200000001	200500001	43.0976
Chr2	200500001	201000001	43.4802
Chr2	201000001	201500001	43.9274
Chr2	201500001	202000001	43.45
Chr2	202000001	202500001	43.3088
Chr2	202500001	203000001	41.2744
Chr2	203000001	203500001	42.581
Chr2	203500001	204000001	41.823
Chr2	204000001	204500001	41.891400000000004
Chr2	204500001	205000001	41.832
Chr2	205000001	205500001	42.7104
Chr2	205500001	206000001	42.1326
Chr2	206000001	206500001	42.186
Chr2	206500001	207000001	41.668
Chr2	207000001	207500001	41.05
Chr2	207500001	208000001	43.002
Chr2	208000001	208500001	42.2894
Chr2	208500001	209000001	42.0468
Chr2	209000001	209500001	42.237
Chr2	209500001	210000001	42.0814
Chr2	210000001	210500001	41.633399999999995
Chr2	210500001	211000001	42.3152
Chr2	211000001	211500001	41.0946
Chr2	211500001	212000001	42.031
Chr2	212000001	212500001	41.7186
Chr2	212500001	213000001	43.2666
Chr2	213000001	213500001	43.6982
Chr2	213500001	214000001	44.013600000000004
Chr2	214000001	214500001	42.6028
Chr2	214500001	215000001	42.617399999999996
Chr2	215000001	215500001	43.1636
Chr2	215500001	216000001	43.4606
Chr2	216000001	216500001	43.556
Chr2	216500001	217000001	43.364599999999996
Chr2	217000001	217500001	43.9658
Chr2	217500001	218000001	42.3258
Chr2	218000001	218500001	43.504599999999996
Chr2	218500001	219000001	42.6386
Chr2	219000001	219500001	42.4574
Chr2	219500001	220000001	42.8154
Chr2	220000001	220500001	43.1882
Chr2	220500001	221000001	43.178
Chr2	221000001	221500001	43.108000000000004
Chr2	221500001	222000001	43.1626
Chr2	222000001	222500001	42.5086
Chr2	222500001	223000001	42.5342
Chr2	223000001	223500001	42.1962
Chr2	223500001	224000001	42.120000000000005
Chr2	224000001	224500001	42.587599999999995
Chr2	224500001	225000001	42.471199999999996
Chr2	225000001	225500001	42.9864
Chr2	225500001	226000001	42.7538
Chr2	226000001	226500001	42.6924
Chr2	226500001	227000001	43.229800000000004
Chr2	227000001	227500001	42.9602
Chr2	227500001	228000001	40.8728
Chr2	228000001	228500001	42.6772
Chr2	228500001	229000001	42.6626
Chr2	229000001	229500001	42.8444
Chr2	229500001	230000001	43.217
Chr2	230000001	230500001	42.977399999999996
Chr2	230500001	231000001	43.0336
Chr2	231000001	231500001	42.403
Chr2	231500001	232000001	42.8658
Chr2	232000001	232500001	42.6776
Chr2	232500001	233000001	42.9118
Chr2	233000001	233500001	42.477399999999996
Chr2	233500001	234000001	42.4792
Chr2	234000001	234500001	42.1988
Chr2	234500001	235000001	42.7122
Chr2	235000001	235500001	43.459199999999996
Chr2	235500001	236000001	43.509
Chr2	236000001	236500001	43.352000000000004
Chr2	236500001	237000001	44.181799999999996
Chr2	237000001	237500001	45.169399999999996
Chr2	237500001	238000001	45.763799999999996
Chr2	238000001	238500001	44.7542
Chr2	238500001	239000001	45.3686
Chr2	239000001	239500001	44.568000000000005
Chr2	239500001	240000001	44.669799999999995
Chr2	240000001	240500001	45.742
Chr2	240500001	241000001	44.684400000000004
Chr2	241000001	241500001	45.214999999999996
Chr2	241500001	242000001	45.5532
Chr2	242000001	242500001	45.1354
Chr2	242500001	243000001	45.656200000000005
Chr2	243000001	243500001	45.5278
Chr2	243500001	244000001	45.8966
Chr2	244000001	244500001	46.7704
Chr2	244500001	245000001	45.968399999999995
Chr2	245000001	245500001	46.6534
Chr2	245500001	246000001	46.9584
Chr2	246000001	246500001	46.9182
Chr2	246500001	247000001	45.8032
Chr2	247000001	247500001	46.189400000000006
Chr2	247500001	248000001	46.849000000000004
Chr2	248000001	248500001	46.712399999999995
Chr2	248500001	249000001	47.1376
Chr2	249000001	249500001	46.613
Chr2	249500001	250000001	47.1524
Chr2	250000001	250500001	47.863
Chr2	250500001	251000001	47.4054
Chr2	251000001	251500001	48.647800000000004
Chr2	251500001	252000001	49.3074
Chr2	252000001	252500001	50.5954
Chr2	252500001	253000001	48.8256
Chr2	253000001	253500001	49.1896
Chr2	253500001	254000001	50.1772
Chr2	254000001	254500001	51.4424
Chr2	254500001	255000001	54.5236
Chr2	255000001	255164795	53.82902290131922
Chr3	1	500001	51.775000000000006
Chr3	500001	1000001	51.9944
Chr3	1000001	1500001	50.6896
Chr3	1500001	2000001	48.851
Chr3	2000001	2500001	48.0772
Chr3	2500001	3000001	47.1858
Chr3	3000001	3500001	46.7476
Chr3	3500001	4000001	47.6736
Chr3	4000001	4500001	46.453
Chr3	4500001	5000001	45.7934
Chr3	5000001	5500001	47.142
Chr3	5500001	6000001	47.5858
Chr3	6000001	6500001	46.1132
Chr3	6500001	7000001	43.8414
Chr3	7000001	7500001	44.857
Chr3	7500001	8000001	43.1582
Chr3	8000001	8500001	43.142599999999995
Chr3	8500001	9000001	43.3436
Chr3	9000001	9500001	43.9888
Chr3	9500001	10000001	43.5238
Chr3	10000001	10500001	43.0502
Chr3	10500001	11000001	42.8744
Chr3	11000001	11500001	43.6038
Chr3	11500001	12000001	43.0592
Chr3	12000001	12500001	42.7994
Chr3	12500001	13000001	42.753
Chr3	13000001	13500001	42.655
Chr3	13500001	14000001	42.6006
Chr3	14000001	14500001	42.7552
Chr3	14500001	15000001	42.9444
Chr3	15000001	15500001	42.968
Chr3	15500001	16000001	42.9486
Chr3	16000001	16500001	43.3812
Chr3	16500001	17000001	42.0368
Chr3	17000001	17500001	42.3164
Chr3	17500001	18000001	41.4742
Chr3	18000001	18500001	41.887600000000006
Chr3	18500001	19000001	43.2626
Chr3	19000001	19500001	42.659200000000006
Chr3	19500001	20000001	42.296
Chr3	20000001	20500001	42.3232
Chr3	20500001	21000001	41.6952
Chr3	21000001	21500001	42.6826
Chr3	21500001	22000001	42.2256
Chr3	22000001	22500001	41.9868
Chr3	22500001	23000001	42.6022
Chr3	23000001	23500001	42.520599999999995
Chr3	23500001	24000001	42.6968
Chr3	24000001	24500001	42.2522
Chr3	24500001	25000001	41.5514
Chr3	25000001	25500001	41.037800000000004
Chr3	25500001	26000001	42.0362
Chr3	26000001	26500001	41.899
Chr3	26500001	27000001	42.609
Chr3	27000001	27500001	41.9298
Chr3	27500001	28000001	42.714600000000004
Chr3	28000001	28500001	42.9456
Chr3	28500001	29000001	42.2638
Chr3	29000001	29500001	42.099399999999996
Chr3	29500001	30000001	41.889199999999995
Chr3	30000001	30500001	41.9264
Chr3	30500001	31000001	40.6426
Chr3	31000001	31500001	42.3886
Chr3	31500001	32000001	42.1372
Chr3	32000001	32500001	42.247800000000005
Chr3	32500001	33000001	41.6758
Chr3	33000001	33500001	42.6566
Chr3	33500001	34000001	42.2986
Chr3	34000001	34500001	42.937799999999996
Chr3	34500001	35000001	43.0094
Chr3	35000001	35500001	43.7652
Chr3	35500001	36000001	43.7516
Chr3	36000001	36500001	42.9486
Chr3	36500001	37000001	42.6288
Chr3	37000001	37500001	41.7978
Chr3	37500001	38000001	42.8008
Chr3	38000001	38500001	41.9326
Chr3	38500001	39000001	41.869
Chr3	39000001	39500001	42.8326
Chr3	39500001	40000001	42.2738
Chr3	40000001	40500001	44.8128
Chr3	40500001	41000001	44.7756
Chr3	41000001	41500001	43.507
Chr3	41500001	42000001	42.8872
Chr3	42000001	42500001	42.9334
Chr3	42500001	43000001	43.9384
Chr3	43000001	43500001	42.5738
Chr3	43500001	44000001	42.1624
Chr3	44000001	44500001	42.3566
Chr3	44500001	45000001	41.936
Chr3	45000001	45500001	42.564
Chr3	45500001	46000001	42.5148
Chr3	46000001	46500001	42.5574
Chr3	46500001	47000001	42.9136
Chr3	47000001	47500001	42.2526
Chr3	47500001	48000001	42.1062
Chr3	48000001	48500001	42.3604
Chr3	48500001	49000001	41.644999999999996
Chr3	49000001	49500001	41.0678
Chr3	49500001	50000001	41.0872
Chr3	50000001	50500001	41.721000000000004
Chr3	50500001	51000001	41.624
Chr3	51000001	51500001	41.0458
Chr3	51500001	52000001	42.1976
Chr3	52000001	52500001	42.4926
Chr3	52500001	53000001	42.4434
Chr3	53000001	53500001	42.194199999999995
Chr3	53500001	54000001	42.074600000000004
Chr3	54000001	54500001	42.2992
Chr3	54500001	55000001	42.3408
Chr3	55000001	55500001	41.8074
Chr3	55500001	56000001	41.458600000000004
Chr3	56000001	56500001	42.532599999999995
Chr3	56500001	57000001	42.220600000000005
Chr3	57000001	57500001	41.8062
Chr3	57500001	58000001	41.9132
Chr3	58000001	58500001	41.422599999999996
Chr3	58500001	59000001	41.394
Chr3	59000001	59500001	42.159200000000006
Chr3	59500001	60000001	41.7252
Chr3	60000001	60500001	42.0604
Chr3	60500001	61000001	40.4598
Chr3	61000001	61500001	42.4536
Chr3	61500001	62000001	42.2462
Chr3	62000001	62500001	42.6826
Chr3	62500001	63000001	42.0812
Chr3	63000001	63500001	42.153800000000004
Chr3	63500001	64000001	41.6978
Chr3	64000001	64500001	41.986200000000004
Chr3	64500001	65000001	42.4556
Chr3	65000001	65500001	41.2068
Chr3	65500001	66000001	42.3748
Chr3	66000001	66500001	41.3194
Chr3	66500001	67000001	43.206
Chr3	67000001	67500001	42.9282
Chr3	67500001	68000001	43.2374
Chr3	68000001	68500001	43.5168
Chr3	68500001	69000001	42.3298
Chr3	69000001	69500001	42.0022
Chr3	69500001	70000001	41.9728
Chr3	70000001	70500001	41.3456
Chr3	70500001	71000001	42.9096
Chr3	71000001	71500001	42.776599999999995
Chr3	71500001	72000001	42.4122
Chr3	72000001	72500001	42.751400000000004
Chr3	72500001	73000001	43.174800000000005
Chr3	73000001	73500001	43.1622
Chr3	73500001	74000001	42.7268
Chr3	74000001	74500001	42.152
Chr3	74500001	75000001	42.8008
Chr3	75000001	75500001	42.1832
Chr3	75500001	76000001	42.1956
Chr3	76000001	76500001	42.2356
Chr3	76500001	77000001	42.864200000000004
Chr3	77000001	77500001	42.7964
Chr3	77500001	78000001	42.274
Chr3	78000001	78500001	42.1402
Chr3	78500001	79000001	42.7624
Chr3	79000001	79500001	42.4924
Chr3	79500001	80000001	42.6026
Chr3	80000001	80500001	42.6772
Chr3	80500001	81000001	43.3438
Chr3	81000001	81500001	42.7934
Chr3	81500001	82000001	42.2964
Chr3	82000001	82500001	42.0886
Chr3	82500001	83000001	41.9426
Chr3	83000001	83500001	42.7582
Chr3	83500001	84000001	42.953599999999994
Chr3	84000001	84500001	42.3068
Chr3	84500001	85000001	42.9118
Chr3	85000001	85500001	43.342000000000006
Chr3	85500001	86000001	43.088
Chr3	86000001	86500001	42.2234
Chr3	86500001	87000001	43.0552
Chr3	87000001	87500001	41.8788
Chr3	87500001	88000001	43.642199999999995
Chr3	88000001	88500001	43.7422
Chr3	88500001	89000001	42.2456
Chr3	89000001	89500001	42.0516
Chr3	89500001	90000001	41.8634
Chr3	90000001	90500001	42.0216
Chr3	90500001	91000001	42.968
Chr3	91000001	91500001	41.5942
Chr3	91500001	92000001	42.1464
Chr3	92000001	92500001	41.9452
Chr3	92500001	93000001	43.1944
Chr3	93000001	93500001	44.0772
Chr3	93500001	94000001	43.5776
Chr3	94000001	94500001	42.4678
Chr3	94500001	95000001	43.7108
Chr3	95000001	95500001	42.7348
Chr3	95500001	96000001	42.0524
Chr3	96000001	96500001	42.4566
Chr3	96500001	97000001	43.269999999999996
Chr3	97000001	97500001	42.5474
Chr3	97500001	98000001	43.1732
Chr3	98000001	98500001	42.5938
Chr3	98500001	99000001	42.214
Chr3	99000001	99500001	42.826
Chr3	99500001	100000001	44.1762
Chr3	100000001	100500001	43.166
Chr3	100500001	101000001	43.35
Chr3	101000001	101500001	43.1024
Chr3	101500001	102000001	42.5318
Chr3	102000001	102500001	42.937599999999996
Chr3	102500001	103000001	43.093599999999995
Chr3	103000001	103500001	42.6236
Chr3	103500001	104000001	42.711
Chr3	104000001	104500001	43.405
Chr3	104500001	105000001	42.794
Chr3	105000001	105500001	43.0332
Chr3	105500001	106000001	42.0786
Chr3	106000001	106500001	42.714800000000004
Chr3	106500001	107000001	42.577999999999996
Chr3	107000001	107500001	42.6636
Chr3	107500001	108000001	42.302800000000005
Chr3	108000001	108500001	41.921
Chr3	108500001	109000001	41.8122
Chr3	109000001	109500001	42.0278
Chr3	109500001	110000001	41.9012
Chr3	110000001	110500001	42.3418
Chr3	110500001	111000001	41.6984
Chr3	111000001	111500001	42.115399999999994
Chr3	111500001	112000001	41.896
Chr3	112000001	112500001	42.2022
Chr3	112500001	113000001	42.8058
Chr3	113000001	113500001	42.3486
Chr3	113500001	114000001	42.3226
Chr3	114000001	114500001	42.2518
Chr3	114500001	115000001	42.6884
Chr3	115000001	115500001	42.6524
Chr3	115500001	116000001	42.5882
Chr3	116000001	116500001	42.5296
Chr3	116500001	117000001	43.3838
Chr3	117000001	117500001	42.5334
Chr3	117500001	118000001	42.7166
Chr3	118000001	118500001	42.4594
Chr3	118500001	119000001	42.6862
Chr3	119000001	119500001	42.5416
Chr3	119500001	120000001	43.7472
Chr3	120000001	120500001	42.4062
Chr3	120500001	121000001	43.223800000000004
Chr3	121000001	121500001	42.2036
Chr3	121500001	122000001	41.744
Chr3	122000001	122500001	42.6622
Chr3	122500001	123000001	41.7504
Chr3	123000001	123500001	42.0362
Chr3	123500001	124000001	42.502
Chr3	124000001	124500001	42.8448
Chr3	124500001	125000001	42.6192
Chr3	125000001	125500001	42.8962
Chr3	125500001	126000001	42.459599999999995
Chr3	126000001	126500001	42.583
Chr3	126500001	127000001	41.8708
Chr3	127000001	127500001	43.0232
Chr3	127500001	128000001	41.2848
Chr3	128000001	128500001	41.9594
Chr3	128500001	129000001	42.310199999999995
Chr3	129000001	129500001	42.071999999999996
Chr3	129500001	130000001	42.553000000000004
Chr3	130000001	130500001	41.998999999999995
Chr3	130500001	131000001	42.927
Chr3	131000001	131500001	41.915
Chr3	131500001	132000001	42.4116
Chr3	132000001	132500001	42.0874
Chr3	132500001	133000001	41.7974
Chr3	133000001	133500001	41.483399999999996
Chr3	133500001	134000001	42.3648
Chr3	134000001	134500001	42.5438
Chr3	134500001	135000001	42.351
Chr3	135000001	135500001	41.6516
Chr3	135500001	136000001	41.7914
Chr3	136000001	136500001	42.776199999999996
Chr3	136500001	137000001	41.85
Chr3	137000001	137500001	42.221199999999996
Chr3	137500001	138000001	42.376799999999996
Chr3	138000001	138500001	43.0522
Chr3	138500001	139000001	42.538599999999995
Chr3	139000001	139500001	41.6092
Chr3	139500001	140000001	41.918
Chr3	140000001	140500001	41.306
Chr3	140500001	141000001	41.604400000000005
Chr3	141000001	141500001	41.820800000000006
Chr3	141500001	142000001	42.320600000000006
Chr3	142000001	142500001	42.4636
Chr3	142500001	143000001	42.558800000000005
Chr3	143000001	143500001	42.126799999999996
Chr3	143500001	144000001	41.9838
Chr3	144000001	144500001	41.0756
Chr3	144500001	145000001	41.5122
Chr3	145000001	145500001	41.7436
Chr3	145500001	146000001	42.4346
Chr3	146000001	146500001	41.709
Chr3	146500001	147000001	42.2528
Chr3	147000001	147500001	42.2194
Chr3	147500001	148000001	41.052
Chr3	148000001	148500001	42.0184
Chr3	148500001	149000001	40.9208
Chr3	149000001	149500001	40.6894
Chr3	149500001	150000001	41.6428
Chr3	150000001	150500001	42.073
Chr3	150500001	151000001	41.5544
Chr3	151000001	151500001	42.6264
Chr3	151500001	152000001	44.846399999999996
Chr3	152000001	152500001	41.627399999999994
Chr3	152500001	153000001	42.8846
Chr3	153000001	153500001	41.9628
Chr3	153500001	154000001	41.620400000000004
Chr3	154000001	154500001	42.513
Chr3	154500001	155000001	41.6012
Chr3	155000001	155500001	44.3126
Chr3	155500001	156000001	41.720600000000005
Chr3	156000001	156500001	41.8514
Chr3	156500001	157000001	42.0972
Chr3	157000001	157500001	41.721000000000004
Chr3	157500001	158000001	41.4112
Chr3	158000001	158500001	42.475
Chr3	158500001	159000001	41.9144
Chr3	159000001	159500001	42.198600000000006
Chr3	159500001	160000001	41.6984
Chr3	160000001	160500001	41.734
Chr3	160500001	161000001	41.8328
Chr3	161000001	161500001	42.0478
Chr3	161500001	162000001	41.7664
Chr3	162000001	162500001	42.6464
Chr3	162500001	163000001	42.5364
Chr3	163000001	163500001	40.9796
Chr3	163500001	164000001	42.757
Chr3	164000001	164500001	42.4458
Chr3	164500001	165000001	41.58
Chr3	165000001	165500001	41.8918
Chr3	165500001	166000001	41.1488
Chr3	166000001	166500001	41.2632
Chr3	166500001	167000001	40.4256
Chr3	167000001	167500001	40.8498
Chr3	167500001	168000001	40.8308
Chr3	168000001	168500001	41.300799999999995
Chr3	168500001	169000001	41.922
Chr3	169000001	169500001	42.7792
Chr3	169500001	170000001	42.1104
Chr3	170000001	170500001	41.3744
Chr3	170500001	171000001	42.426
Chr3	171000001	171500001	42.1854
Chr3	171500001	172000001	43.0098
Chr3	172000001	172500001	42.504
Chr3	172500001	173000001	41.8372
Chr3	173000001	173500001	40.9402
Chr3	173500001	174000001	42.0304
Chr3	174000001	174500001	42.147
Chr3	174500001	175000001	41.5946
Chr3	175000001	175500001	41.970800000000004
Chr3	175500001	176000001	42.4124
Chr3	176000001	176500001	42.4112
Chr3	176500001	177000001	42.2682
Chr3	177000001	177500001	42.6222
Chr3	177500001	178000001	41.0334
Chr3	178000001	178500001	42.5756
Chr3	178500001	179000001	42.4352
Chr3	179000001	179500001	41.8834
Chr3	179500001	180000001	41.159600000000005
Chr3	180000001	180500001	42.269
Chr3	180500001	181000001	42.660599999999995
Chr3	181000001	181500001	42.252
Chr3	181500001	182000001	40.9674
Chr3	182000001	182500001	42.0776
Chr3	182500001	183000001	42.5832
Chr3	183000001	183500001	42.7194
Chr3	183500001	184000001	43.1636
Chr3	184000001	184500001	43.1726
Chr3	184500001	185000001	43.2002
Chr3	185000001	185500001	42.5486
Chr3	185500001	186000001	40.6688
Chr3	186000001	186500001	42.464
Chr3	186500001	187000001	40.9322
Chr3	187000001	187500001	42.7974
Chr3	187500001	188000001	42.798
Chr3	188000001	188500001	43.0868
Chr3	188500001	189000001	42.8112
Chr3	189000001	189500001	42.257400000000004
Chr3	189500001	190000001	42.1444
Chr3	190000001	190500001	42.327799999999996
Chr3	190500001	191000001	41.5006
Chr3	191000001	191500001	41.855
Chr3	191500001	192000001	42.6262
Chr3	192000001	192500001	42.2366
Chr3	192500001	193000001	44.1934
Chr3	193000001	193500001	44.975
Chr3	193500001	194000001	42.3392
Chr3	194000001	194500001	43.2914
Chr3	194500001	195000001	42.9198
Chr3	195000001	195500001	43.0104
Chr3	195500001	196000001	43.2126
Chr3	196000001	196500001	43.0246
Chr3	196500001	197000001	43.4346
Chr3	197000001	197500001	43.5044
Chr3	197500001	198000001	43.6738
Chr3	198000001	198500001	43.4806
Chr3	198500001	199000001	43.8776
Chr3	199000001	199500001	44.3756
Chr3	199500001	200000001	44.4452
Chr3	200000001	200500001	43.7314
Chr3	200500001	201000001	43.858200000000004
Chr3	201000001	201500001	43.4566
Chr3	201500001	202000001	44.112
Chr3	202000001	202500001	44.7394
Chr3	202500001	203000001	44.8262
Chr3	203000001	203500001	44.882
Chr3	203500001	204000001	45.3204
Chr3	204000001	204500001	46.314
Chr3	204500001	205000001	46.0734
Chr3	205000001	205500001	46.824
Chr3	205500001	206000001	45.725
Chr3	206000001	206500001	47.291
Chr3	206500001	207000001	48.703
Chr3	207000001	207500001	50.2348
Chr3	207500001	208000001	50.2744
Chr3	208000001	208500001	53.649
Chr3	208500001	208671581	53.496911061895325
Chr4	1	500001	54.162200000000006
Chr4	500001	1000001	53.1534
Chr4	1000001	1500001	51.235600000000005
Chr4	1500001	2000001	49.5988
Chr4	2000001	2500001	47.4342
Chr4	2500001	3000001	47.4128
Chr4	3000001	3500001	46.611799999999995
Chr4	3500001	4000001	45.796
Chr4	4000001	4500001	45.617200000000004
Chr4	4500001	5000001	43.789
Chr4	5000001	5500001	43.1882
Chr4	5500001	6000001	45.1932
Chr4	6000001	6500001	44.5316
Chr4	6500001	7000001	43.9764
Chr4	7000001	7500001	44.5044
Chr4	7500001	8000001	43.6674
Chr4	8000001	8500001	44.5096
Chr4	8500001	9000001	43.8742
Chr4	9000001	9500001	44.4306
Chr4	9500001	10000001	43.9912
Chr4	10000001	10500001	43.303999999999995
Chr4	10500001	11000001	42.7382
Chr4	11000001	11500001	43.594
Chr4	11500001	12000001	43.5114
Chr4	12000001	12500001	42.4824
Chr4	12500001	13000001	42.7208
Chr4	13000001	13500001	43.1224
Chr4	13500001	14000001	41.679
Chr4	14000001	14500001	43.0566
Chr4	14500001	15000001	41.4798
Chr4	15000001	15500001	42.5628
Chr4	15500001	16000001	42.8894
Chr4	16000001	16500001	42.7138
Chr4	16500001	17000001	42.549
Chr4	17000001	17500001	42.0158
Chr4	17500001	18000001	41.8746
Chr4	18000001	18500001	42.0172
Chr4	18500001	19000001	42.683
Chr4	19000001	19500001	42.564
Chr4	19500001	20000001	42.6774
Chr4	20000001	20500001	40.8444
Chr4	20500001	21000001	42.0646
Chr4	21000001	21500001	42.349599999999995
Chr4	21500001	22000001	42.6398
Chr4	22000001	22500001	42.3954
Chr4	22500001	23000001	42.526399999999995
Chr4	23000001	23500001	41.7562
Chr4	23500001	24000001	42.5138
Chr4	24000001	24500001	42.5692
Chr4	24500001	25000001	41.71
Chr4	25000001	25500001	42.4022
Chr4	25500001	26000001	41.6886
Chr4	26000001	26500001	41.9556
Chr4	26500001	27000001	41.760999999999996
Chr4	27000001	27500001	42.9598
Chr4	27500001	28000001	42.6646
Chr4	28000001	28500001	41.537800000000004
Chr4	28500001	29000001	41.5736
Chr4	29000001	29500001	41.943999999999996
Chr4	29500001	30000001	41.6878
Chr4	30000001	30500001	41.6832
Chr4	30500001	31000001	42.093399999999995
Chr4	31000001	31500001	41.6512
Chr4	31500001	32000001	41.6256
Chr4	32000001	32500001	40.724
Chr4	32500001	33000001	42.4734
Chr4	33000001	33500001	42.842200000000005
Chr4	33500001	34000001	42.066199999999995
Chr4	34000001	34500001	41.9738
Chr4	34500001	35000001	41.8508
Chr4	35000001	35500001	41.375
Chr4	35500001	36000001	42.432199999999995
Chr4	36000001	36500001	42.8654
Chr4	36500001	37000001	41.8812
Chr4	37000001	37500001	41.663
Chr4	37500001	38000001	41.7184
Chr4	38000001	38500001	41.8728
Chr4	38500001	39000001	42.5378
Chr4	39000001	39500001	41.3086
Chr4	39500001	40000001	41.9474
Chr4	40000001	40500001	41.509800000000006
Chr4	40500001	41000001	41.747
Chr4	41000001	41500001	42.7928
Chr4	41500001	42000001	42.714
Chr4	42000001	42500001	42.8594
Chr4	42500001	43000001	42.0202
Chr4	43000001	43500001	42.2674
Chr4	43500001	44000001	41.6628
Chr4	44000001	44500001	41.6776
Chr4	44500001	45000001	42.0872
Chr4	45000001	45500001	41.7154
Chr4	45500001	46000001	41.8206
Chr4	46000001	46500001	41.851
Chr4	46500001	47000001	41.3692
Chr4	47000001	47500001	41.478
Chr4	47500001	48000001	41.910799999999995
Chr4	48000001	48500001	41.5524
Chr4	48500001	49000001	41.909600000000005
Chr4	49000001	49500001	41.8042
Chr4	49500001	50000001	41.745599999999996
Chr4	50000001	50500001	41.1094
Chr4	50500001	51000001	42.1526
Chr4	51000001	51500001	42.3152
Chr4	51500001	52000001	42.57
Chr4	52000001	52500001	42.398799999999994
Chr4	52500001	53000001	42.3
Chr4	53000001	53500001	41.8524
Chr4	53500001	54000001	41.565200000000004
Chr4	54000001	54500001	42.403999999999996
Chr4	54500001	55000001	42.339
Chr4	55000001	55500001	42.2322
Chr4	55500001	56000001	40.909
Chr4	56000001	56500001	41.8302
Chr4	56500001	57000001	42.1674
Chr4	57000001	57500001	42.519800000000004
Chr4	57500001	58000001	42.1622
Chr4	58000001	58500001	41.5932
Chr4	58500001	59000001	41.573
Chr4	59000001	59500001	42.1532
Chr4	59500001	60000001	42.5552
Chr4	60000001	60500001	42.597
Chr4	60500001	61000001	42.028999999999996
Chr4	61000001	61500001	42.0958
Chr4	61500001	62000001	42.7028
Chr4	62000001	62500001	41.7674
Chr4	62500001	63000001	42.1728
Chr4	63000001	63500001	41.854200000000006
Chr4	63500001	64000001	41.9844
Chr4	64000001	64500001	42.9176
Chr4	64500001	65000001	42.903000000000006
Chr4	65000001	65500001	42.1496
Chr4	65500001	66000001	42.0436
Chr4	66000001	66500001	42.4114
Chr4	66500001	67000001	42.9138
Chr4	67000001	67500001	42.150999999999996
Chr4	67500001	68000001	42.5968
Chr4	68000001	68500001	42.5898
Chr4	68500001	69000001	43.967
Chr4	69000001	69500001	41.495599999999996
Chr4	69500001	70000001	42.475
Chr4	70000001	70500001	41.9086
Chr4	70500001	71000001	41.8202
Chr4	71000001	71500001	42.808
Chr4	71500001	72000001	42.6192
Chr4	72000001	72500001	43.423
Chr4	72500001	73000001	43.0824
Chr4	73000001	73500001	42.8682
Chr4	73500001	74000001	42.4306
Chr4	74000001	74500001	42.369800000000005
Chr4	74500001	75000001	42.355199999999996
Chr4	75000001	75500001	42.6846
Chr4	75500001	76000001	42.4418
Chr4	76000001	76500001	42.33
Chr4	76500001	77000001	42.7672
Chr4	77000001	77500001	42.703
Chr4	77500001	78000001	42.7724
Chr4	78000001	78500001	42.6132
Chr4	78500001	79000001	42.209799999999994
Chr4	79000001	79500001	41.565999999999995
Chr4	79500001	80000001	42.2046
Chr4	80000001	80500001	43.2402
Chr4	80500001	81000001	41.178399999999996
Chr4	81000001	81500001	41.9044
Chr4	81500001	82000001	41.660000000000004
Chr4	82000001	82500001	41.9074
Chr4	82500001	83000001	42.684
Chr4	83000001	83500001	42.9264
Chr4	83500001	84000001	42.9074
Chr4	84000001	84500001	42.721
Chr4	84500001	85000001	42.9826
Chr4	85000001	85500001	42.3068
Chr4	85500001	86000001	41.627399999999994
Chr4	86000001	86500001	37.3384
Chr4	86500001	87000001	42.0124
Chr4	87000001	87500001	42.2476
Chr4	87500001	88000001	42.6044
Chr4	88000001	88500001	42.3818
Chr4	88500001	89000001	43.1694
Chr4	89000001	89500001	43.303799999999995
Chr4	89500001	90000001	43.7926
Chr4	90000001	90500001	42.7388
Chr4	90500001	91000001	42.8818
Chr4	91000001	91500001	44.7678
Chr4	91500001	92000001	43.806
Chr4	92000001	92500001	42.7182
Chr4	92500001	93000001	43.7756
Chr4	93000001	93500001	43.3896
Chr4	93500001	94000001	43.457
Chr4	94000001	94500001	43.3214
Chr4	94500001	95000001	43.0638
Chr4	95000001	95500001	43.1068
Chr4	95500001	96000001	43.1804
Chr4	96000001	96500001	43.2374
Chr4	96500001	97000001	43.753
Chr4	97000001	97500001	44.9914
Chr4	97500001	98000001	45.5724
Chr4	98000001	98500001	44.447399999999995
Chr4	98500001	99000001	44.568999999999996
Chr4	99000001	99500001	44.4228
Chr4	99500001	100000001	45.458
Chr4	100000001	100500001	45.1848
Chr4	100500001	101000001	45.3594
Chr4	101000001	101500001	44.8266
Chr4	101500001	102000001	44.2362
Chr4	102000001	102500001	44.001200000000004
Chr4	102500001	103000001	42.9304
Chr4	103000001	103500001	43.6584
Chr4	103500001	104000001	43.3898
Chr4	104000001	104500001	43.9332
Chr4	104500001	105000001	43.580000000000005
Chr4	105000001	105500001	43.3412
Chr4	105500001	106000001	43.001
Chr4	106000001	106500001	43.0826
Chr4	106500001	107000001	43.0514
Chr4	107000001	107500001	43.0084
Chr4	107500001	108000001	42.9514
Chr4	108000001	108500001	42.983399999999996
Chr4	108500001	109000001	43.012
Chr4	109000001	109500001	43.0238
Chr4	109500001	110000001	42.782
Chr4	110000001	110500001	42.4762
Chr4	110500001	111000001	42.7252
Chr4	111000001	111500001	43.0282
Chr4	111500001	112000001	43.1346
Chr4	112000001	112500001	42.343199999999996
Chr4	112500001	113000001	42.888799999999996
Chr4	113000001	113500001	41.8902
Chr4	113500001	114000001	42.6236
Chr4	114000001	114500001	43.0342
Chr4	114500001	115000001	41.2114
Chr4	115000001	115500001	41.658
Chr4	115500001	116000001	42.1946
Chr4	116000001	116500001	42.7046
Chr4	116500001	117000001	43.147200000000005
Chr4	117000001	117500001	42.8612
Chr4	117500001	118000001	42.8516
Chr4	118000001	118500001	43.3456
Chr4	118500001	119000001	41.7798
Chr4	119000001	119500001	41.7898
Chr4	119500001	120000001	42.1734
Chr4	120000001	120500001	42.5236
Chr4	120500001	121000001	42.3808
Chr4	121000001	121500001	42.3104
Chr4	121500001	122000001	43.2666
Chr4	122000001	122500001	43.1218
Chr4	122500001	123000001	45.467999999999996
Chr4	123000001	123500001	42.4176
Chr4	123500001	124000001	41.8852
Chr4	124000001	124500001	42.7306
Chr4	124500001	125000001	42.436
Chr4	125000001	125500001	42.5138
Chr4	125500001	126000001	42.7346
Chr4	126000001	126500001	42.353
Chr4	126500001	127000001	42.0742
Chr4	127000001	127500001	42.4822
Chr4	127500001	128000001	41.932199999999995
Chr4	128000001	128500001	42.509
Chr4	128500001	129000001	41.9744
Chr4	129000001	129500001	40.8994
Chr4	129500001	130000001	42.271
Chr4	130000001	130500001	42.4682
Chr4	130500001	131000001	42.294
Chr4	131000001	131500001	41.576
Chr4	131500001	132000001	42.079
Chr4	132000001	132500001	42.4158
Chr4	132500001	133000001	42.117599999999996
Chr4	133000001	133500001	42.555
Chr4	133500001	134000001	41.8372
Chr4	134000001	134500001	41.9796
Chr4	134500001	135000001	42.022999999999996
Chr4	135000001	135500001	43.1332
Chr4	135500001	136000001	41.674
Chr4	136000001	136500001	41.8858
Chr4	136500001	137000001	41.117399999999996
Chr4	137000001	137500001	42.1832
Chr4	137500001	138000001	41.5034
Chr4	138000001	138500001	41.19
Chr4	138500001	139000001	42.120000000000005
Chr4	139000001	139500001	42.751400000000004
Chr4	139500001	140000001	42.6026
Chr4	140000001	140500001	41.757
Chr4	140500001	141000001	42.6018
Chr4	141000001	141500001	43.1804
Chr4	141500001	142000001	42.8338
Chr4	142000001	142500001	42.247
Chr4	142500001	143000001	41.7338
Chr4	143000001	143500001	41.687200000000004
Chr4	143500001	144000001	41.467
Chr4	144000001	144500001	42.4798
Chr4	144500001	145000001	41.56
Chr4	145000001	145500001	42.7612
Chr4	145500001	146000001	42.062
Chr4	146000001	146500001	43.348
Chr4	146500001	147000001	42.9016
Chr4	147000001	147500001	43.0852
Chr4	147500001	148000001	41.8516
Chr4	148000001	148500001	43.2598
Chr4	148500001	149000001	42.6194
Chr4	149000001	149500001	43.2528
Chr4	149500001	150000001	43.8296
Chr4	150000001	150500001	43.467
Chr4	150500001	151000001	41.912
Chr4	151000001	151500001	44.346999999999994
Chr4	151500001	152000001	43.1946
Chr4	152000001	152500001	42.9254
Chr4	152500001	153000001	43.0914
Chr4	153000001	153500001	43.438
Chr4	153500001	154000001	43.307
Chr4	154000001	154500001	43.525999999999996
Chr4	154500001	155000001	43.297999999999995
Chr4	155000001	155500001	42.945
Chr4	155500001	156000001	44.0676
Chr4	156000001	156500001	43.3266
Chr4	156500001	157000001	41.512
Chr4	157000001	157500001	42.9336
Chr4	157500001	158000001	42.553200000000004
Chr4	158000001	158500001	42.949799999999996
Chr4	158500001	159000001	43.617
Chr4	159000001	159500001	42.6898
Chr4	159500001	160000001	43.2932
Chr4	160000001	160500001	42.8014
Chr4	160500001	161000001	42.605399999999996
Chr4	161000001	161500001	42.9528
Chr4	161500001	162000001	41.6816
Chr4	162000001	162500001	42.3632
Chr4	162500001	163000001	42.3372
Chr4	163000001	163500001	42.441
Chr4	163500001	164000001	42.3872
Chr4	164000001	164500001	42.6338
Chr4	164500001	165000001	42.836999999999996
Chr4	165000001	165500001	42.7484
Chr4	165500001	166000001	42.3764
Chr4	166000001	166500001	42.769600000000004
Chr4	166500001	167000001	43.357600000000005
Chr4	167000001	167500001	42.9126
Chr4	167500001	168000001	41.9258
Chr4	168000001	168500001	42.432199999999995
Chr4	168500001	169000001	42.3122
Chr4	169000001	169500001	42.8688
Chr4	169500001	170000001	42.720200000000006
Chr4	170000001	170500001	43.7504
Chr4	170500001	171000001	42.9426
Chr4	171000001	171500001	41.858200000000004
Chr4	171500001	172000001	41.382200000000005
Chr4	172000001	172500001	42.059200000000004
Chr4	172500001	173000001	42.296800000000005
Chr4	173000001	173500001	42.2424
Chr4	173500001	174000001	43.288399999999996
Chr4	174000001	174500001	42.862
Chr4	174500001	175000001	41.9172
Chr4	175000001	175500001	42.8452
Chr4	175500001	176000001	42.9876
Chr4	176000001	176500001	43.020199999999996
Chr4	176500001	177000001	41.889199999999995
Chr4	177000001	177500001	42.3314
Chr4	177500001	178000001	42.592999999999996
Chr4	178000001	178500001	43.053999999999995
Chr4	178500001	179000001	43.0442
Chr4	179000001	179500001	42.4602
Chr4	179500001	180000001	42.8824
Chr4	180000001	180500001	44.0846
Chr4	180500001	181000001	43.3172
Chr4	181000001	181500001	42.928399999999996
Chr4	181500001	182000001	41.7942
Chr4	182000001	182500001	41.917
Chr4	182500001	183000001	41.8662
Chr4	183000001	183500001	43.331399999999995
Chr4	183500001	184000001	43.674800000000005
Chr4	184000001	184500001	43.0364
Chr4	184500001	185000001	42.3824
Chr4	185000001	185500001	42.9414
Chr4	185500001	186000001	42.44
Chr4	186000001	186500001	43.642199999999995
Chr4	186500001	187000001	43.2928
Chr4	187000001	187500001	43.081199999999995
Chr4	187500001	188000001	43.1736
Chr4	188000001	188500001	43.715199999999996
Chr4	188500001	189000001	43.3652
Chr4	189000001	189500001	42.6008
Chr4	189500001	190000001	43.8972
Chr4	190000001	190500001	43.495
Chr4	190500001	191000001	43.7774
Chr4	191000001	191500001	43.148199999999996
Chr4	191500001	192000001	43.4238
Chr4	192000001	192500001	43.7796
Chr4	192500001	193000001	45.018
Chr4	193000001	193500001	44.020399999999995
Chr4	193500001	194000001	44.7718
Chr4	194000001	194500001	45.8234
Chr4	194500001	195000001	45.452799999999996
Chr4	195000001	195500001	46.7618
Chr4	195500001	196000001	45.1798
Chr4	196000001	196500001	47.074
Chr4	196500001	197000001	47.9814
Chr4	197000001	197500001	49.1644
Chr4	197500001	198000001	48.466
Chr4	198000001	198500001	49.5924
Chr4	198500001	199000001	52.127
Chr4	199000001	199500001	54.196999999999996
Chr4	199500001	199700853	50.41473323641288
Chr5	1	500001	54.98800000000001
Chr5	500001	1000001	53.4546
Chr5	1000001	1500001	49.4332
Chr5	1500001	2000001	48.5248
Chr5	2000001	2500001	47.3562
Chr5	2500001	3000001	47.704
Chr5	3000001	3500001	45.8972
Chr5	3500001	4000001	46.1222
Chr5	4000001	4500001	45.462399999999995
Chr5	4500001	5000001	45.7472
Chr5	5000001	5500001	44.913799999999995
Chr5	5500001	6000001	43.942
Chr5	6000001	6500001	42.9812
Chr5	6500001	7000001	43.0426
Chr5	7000001	7500001	43.918400000000005
Chr5	7500001	8000001	43.0228
Chr5	8000001	8500001	42.621199999999995
Chr5	8500001	9000001	41.5598
Chr5	9000001	9500001	42.391400000000004
Chr5	9500001	10000001	42.882799999999996
Chr5	10000001	10500001	43.756
Chr5	10500001	11000001	43.730000000000004
Chr5	11000001	11500001	42.891
Chr5	11500001	12000001	43.1176
Chr5	12000001	12500001	41.348600000000005
Chr5	12500001	13000001	42.5186
Chr5	13000001	13500001	42.1144
Chr5	13500001	14000001	41.9606
Chr5	14000001	14500001	43.498799999999996
Chr5	14500001	15000001	42.092800000000004
Chr5	15000001	15500001	42.604
Chr5	15500001	16000001	43.2398
Chr5	16000001	16500001	43.135600000000004
Chr5	16500001	17000001	41.5422
Chr5	17000001	17500001	41.778999999999996
Chr5	17500001	18000001	41.772999999999996
Chr5	18000001	18500001	41.5796
Chr5	18500001	19000001	42.2268
Chr5	19000001	19500001	42.691
Chr5	19500001	20000001	42.614200000000004
Chr5	20000001	20500001	42.3558
Chr5	20500001	21000001	40.8206
Chr5	21000001	21500001	41.3798
Chr5	21500001	22000001	42.519600000000004
Chr5	22000001	22500001	41.7528
Chr5	22500001	23000001	43.2236
Chr5	23000001	23500001	42.1706
Chr5	23500001	24000001	42.796
Chr5	24000001	24500001	42.5016
Chr5	24500001	25000001	41.475
Chr5	25000001	25500001	43.0042
Chr5	25500001	26000001	41.5906
Chr5	26000001	26500001	41.6954
Chr5	26500001	27000001	41.765
Chr5	27000001	27500001	41.9568
Chr5	27500001	28000001	42.8312
Chr5	28000001	28500001	42.859
Chr5	28500001	29000001	40.9268
Chr5	29000001	29500001	42.0482
Chr5	29500001	30000001	42.309999999999995
Chr5	30000001	30500001	42.9014
Chr5	30500001	31000001	42.148799999999994
Chr5	31000001	31500001	42.4468
Chr5	31500001	32000001	41.855
Chr5	32000001	32500001	42.1372
Chr5	32500001	33000001	41.9794
Chr5	33000001	33500001	41.3748
Chr5	33500001	34000001	42.1188
Chr5	34000001	34500001	42.327799999999996
Chr5	34500001	35000001	42.1944
Chr5	35000001	35500001	41.659800000000004
Chr5	35500001	36000001	42.581599999999995
Chr5	36000001	36500001	41.810399999999994
Chr5	36500001	37000001	41.8056
Chr5	37000001	37500001	42.5054
Chr5	37500001	38000001	41.6646
Chr5	38000001	38500001	42.2236
Chr5	38500001	39000001	42.796800000000005
Chr5	39000001	39500001	41.608000000000004
Chr5	39500001	40000001	42.7462
Chr5	40000001	40500001	42.770399999999995
Chr5	40500001	41000001	42.305
Chr5	41000001	41500001	42.5318
Chr5	41500001	42000001	42.847
Chr5	42000001	42500001	41.754400000000004
Chr5	42500001	43000001	42.6922
Chr5	43000001	43500001	41.010999999999996
Chr5	43500001	44000001	43.6546
Chr5	44000001	44500001	41.8622
Chr5	44500001	45000001	43.418
Chr5	45000001	45500001	41.8858
Chr5	45500001	46000001	42.343399999999995
Chr5	46000001	46500001	42.2606
Chr5	46500001	47000001	43.0096
Chr5	47000001	47500001	41.067
Chr5	47500001	48000001	43.0462
Chr5	48000001	48500001	42.709399999999995
Chr5	48500001	49000001	42.1436
Chr5	49000001	49500001	42.6934
Chr5	49500001	50000001	41.9618
Chr5	50000001	50500001	41.9392
Chr5	50500001	51000001	41.673
Chr5	51000001	51500001	41.6036
Chr5	51500001	52000001	42.0426
Chr5	52000001	52500001	41.5784
Chr5	52500001	53000001	42.7226
Chr5	53000001	53500001	43.2578
Chr5	53500001	54000001	42.545
Chr5	54000001	54500001	42.6058
Chr5	54500001	55000001	42.2464
Chr5	55000001	55500001	42.946600000000004
Chr5	55500001	56000001	43.227399999999996
Chr5	56000001	56500001	42.3122
Chr5	56500001	57000001	42.83
Chr5	57000001	57500001	43.089
Chr5	57500001	58000001	42.4374
Chr5	58000001	58500001	42.426199999999994
Chr5	58500001	59000001	42.9282
Chr5	59000001	59500001	43.033
Chr5	59500001	60000001	43.1408
Chr5	60000001	60500001	42.9908
Chr5	60500001	61000001	42.8866
Chr5	61000001	61500001	44.096999999999994
Chr5	61500001	62000001	43.528
Chr5	62000001	62500001	43.8202
Chr5	62500001	63000001	43.225
Chr5	63000001	63500001	42.843599999999995
Chr5	63500001	64000001	42.9548
Chr5	64000001	64500001	43.148399999999995
Chr5	64500001	65000001	43.1896
Chr5	65000001	65500001	43.3966
Chr5	65500001	66000001	42.959399999999995
Chr5	66000001	66500001	44.3378
Chr5	66500001	67000001	44.324400000000004
Chr5	67000001	67500001	43.825599999999994
Chr5	67500001	68000001	44.047799999999995
Chr5	68000001	68500001	44.135799999999996
Chr5	68500001	69000001	43.8028
Chr5	69000001	69500001	44.0008
Chr5	69500001	70000001	43.148599999999995
Chr5	70000001	70500001	42.544399999999996
Chr5	70500001	71000001	44.022800000000004
Chr5	71000001	71500001	44.544200000000004
Chr5	71500001	72000001	44.3358
Chr5	72000001	72500001	44.1458
Chr5	72500001	73000001	43.0842
Chr5	73000001	73500001	43.5482
Chr5	73500001	74000001	43.7294
Chr5	74000001	74500001	43.952999999999996
Chr5	74500001	75000001	44.505
Chr5	75000001	75500001	43.8974
Chr5	75500001	76000001	43.547999999999995
Chr5	76000001	76500001	43.509
Chr5	76500001	77000001	42.6858
Chr5	77000001	77500001	42.4994
Chr5	77500001	78000001	43.992
Chr5	78000001	78500001	44.3158
Chr5	78500001	79000001	44.4362
Chr5	79000001	79500001	44.4502
Chr5	79500001	80000001	43.0402
Chr5	80000001	80500001	45.176
Chr5	80500001	81000001	45.6032
Chr5	81000001	81500001	45.2108
Chr5	81500001	82000001	44.1168
Chr5	82000001	82500001	42.6928
Chr5	82500001	83000001	41.8098
Chr5	83000001	83500001	42.4732
Chr5	83500001	84000001	42.3358
Chr5	84000001	84500001	42.3012
Chr5	84500001	85000001	42.19
Chr5	85000001	85500001	44.0114
Chr5	85500001	86000001	44.6156
Chr5	86000001	86500001	42.925200000000004
Chr5	86500001	87000001	42.32
Chr5	87000001	87500001	41.781400000000005
Chr5	87500001	88000001	42.8604
Chr5	88000001	88500001	43.9108
Chr5	88500001	89000001	45.229200000000006
Chr5	89000001	89500001	45.144
Chr5	89500001	90000001	44.371
Chr5	90000001	90500001	44.87
Chr5	90500001	91000001	45.1688
Chr5	91000001	91500001	44.3654
Chr5	91500001	92000001	45.4314
Chr5	92000001	92500001	45.2768
Chr5	92500001	93000001	45.2492
Chr5	93000001	93500001	45.3166
Chr5	93500001	94000001	45.224399999999996
Chr5	94000001	94500001	45.7378
Chr5	94500001	95000001	45.246399999999994
Chr5	95000001	95500001	46.251799999999996
Chr5	95500001	96000001	44.157000000000004
Chr5	96000001	96500001	45.4126
Chr5	96500001	97000001	44.9216
Chr5	97000001	97500001	45.938
Chr5	97500001	98000001	47.409800000000004
Chr5	98000001	98500001	49.8212
Chr5	98500001	99000001	48.9788
Chr5	99000001	99500001	50.578
Chr5	99500001	100000001	52.0386
Chr5	100000001	100500001	53.29859999999999
Chr5	100500001	101000001	56.7156
Chr5	101000001	101272343	54.29386580108834
Chr6	1	500001	54.0222
Chr6	500001	1000001	52.083999999999996
Chr6	1000001	1500001	49.513200000000005
Chr6	1500001	2000001	49.6466
Chr6	2000001	2500001	47.4304
Chr6	2500001	3000001	46.0912
Chr6	3000001	3500001	45.5452
Chr6	3500001	4000001	43.370999999999995
Chr6	4000001	4500001	44.2958
Chr6	4500001	5000001	44.531
Chr6	5000001	5500001	43.4154
Chr6	5500001	6000001	43.9032
Chr6	6000001	6500001	44.008199999999995
Chr6	6500001	7000001	43.453399999999995
Chr6	7000001	7500001	43.3144
Chr6	7500001	8000001	42.9622
Chr6	8000001	8500001	42.2592
Chr6	8500001	9000001	42.4112
Chr6	9000001	9500001	42.7016
Chr6	9500001	10000001	43.0914
Chr6	10000001	10500001	41.7958
Chr6	10500001	11000001	42.6098
Chr6	11000001	11500001	42.4266
Chr6	11500001	12000001	41.2256
Chr6	12000001	12500001	41.8528
Chr6	12500001	13000001	42.3666
Chr6	13000001	13500001	42.044399999999996
Chr6	13500001	14000001	42.4212
Chr6	14000001	14500001	42.254799999999996
Chr6	14500001	15000001	43.1932
Chr6	15000001	15500001	41.7434
Chr6	15500001	16000001	41.9426
Chr6	16000001	16500001	41.8164
Chr6	16500001	17000001	41.4202
Chr6	17000001	17500001	42.336600000000004
Chr6	17500001	18000001	42.031400000000005
Chr6	18000001	18500001	40.5518
Chr6	18500001	19000001	42.4218
Chr6	19000001	19500001	42.0272
Chr6	19500001	20000001	41.712199999999996
Chr6	20000001	20500001	41.6512
Chr6	20500001	21000001	41.7412
Chr6	21000001	21500001	41.1252
Chr6	21500001	22000001	42.214
Chr6	22000001	22500001	42.211999999999996
Chr6	22500001	23000001	41.9798
Chr6	23000001	23500001	41.8446
Chr6	23500001	24000001	42.3
Chr6	24000001	24500001	42.132799999999996
Chr6	24500001	25000001	42.5914
Chr6	25000001	25500001	42.6912
Chr6	25500001	26000001	41.8106
Chr6	26000001	26500001	42.0744
Chr6	26500001	27000001	42.6782
Chr6	27000001	27500001	42.485
Chr6	27500001	28000001	43.4264
Chr6	28000001	28500001	41.5818
Chr6	28500001	29000001	41.4978
Chr6	29000001	29500001	42.497600000000006
Chr6	29500001	30000001	42.167
Chr6	30000001	30500001	42.5724
Chr6	30500001	31000001	41.1706
Chr6	31000001	31500001	41.6458
Chr6	31500001	32000001	41.444199999999995
Chr6	32000001	32500001	42.4746
Chr6	32500001	33000001	41.910399999999996
Chr6	33000001	33500001	42.0364
Chr6	33500001	34000001	43.3818
Chr6	34000001	34500001	42.5572
Chr6	34500001	35000001	42.7124
Chr6	35000001	35500001	42.5968
Chr6	35500001	36000001	42.7072
Chr6	36000001	36500001	42.6042
Chr6	36500001	37000001	42.5774
Chr6	37000001	37500001	43.001400000000004
Chr6	37500001	38000001	41.998999999999995
Chr6	38000001	38500001	42.5368
Chr6	38500001	39000001	41.593599999999995
Chr6	39000001	39500001	42.46
Chr6	39500001	40000001	42.8746
Chr6	40000001	40500001	42.789
Chr6	40500001	41000001	43.3378
Chr6	41000001	41500001	43.357600000000005
Chr6	41500001	42000001	42.678399999999996
Chr6	42000001	42500001	42.5984
Chr6	42500001	43000001	42.8404
Chr6	43000001	43500001	42.754599999999996
Chr6	43500001	44000001	41.437200000000004
Chr6	44000001	44500001	41.9492
Chr6	44500001	45000001	41.781600000000005
Chr6	45000001	45500001	41.0898
Chr6	45500001	46000001	41.591
Chr6	46000001	46500001	42.4238
Chr6	46500001	47000001	41.4528
Chr6	47000001	47500001	43.4608
Chr6	47500001	48000001	42.3814
Chr6	48000001	48500001	42.8154
Chr6	48500001	49000001	42.9972
Chr6	49000001	49500001	41.876999999999995
Chr6	49500001	50000001	42.2732
Chr6	50000001	50500001	42.5882
Chr6	50500001	51000001	42.2364
Chr6	51000001	51500001	42.2312
Chr6	51500001	52000001	41.7438
Chr6	52000001	52500001	43.383
Chr6	52500001	53000001	42.1002
Chr6	53000001	53500001	41.793
Chr6	53500001	54000001	42.2856
Chr6	54000001	54500001	42.5004
Chr6	54500001	55000001	42.8858
Chr6	55000001	55500001	42.8932
Chr6	55500001	56000001	41.97
Chr6	56000001	56500001	41.9864
Chr6	56500001	57000001	42.8748
Chr6	57000001	57500001	42.4738
Chr6	57500001	58000001	42.5204
Chr6	58000001	58500001	42.85
Chr6	58500001	59000001	42.8878
Chr6	59000001	59500001	42.3726
Chr6	59500001	60000001	42.2042
Chr6	60000001	60500001	41.9482
Chr6	60500001	61000001	42.3502
Chr6	61000001	61500001	42.897800000000004
Chr6	61500001	62000001	41.9072
Chr6	62000001	62500001	42.593599999999995
Chr6	62500001	63000001	42.5338
Chr6	63000001	63500001	43.1074
Chr6	63500001	64000001	43.9544
Chr6	64000001	64500001	42.5578
Chr6	64500001	65000001	44.579800000000006
Chr6	65000001	65500001	44.8436
Chr6	65500001	66000001	44.1824
Chr6	66000001	66500001	44.946999999999996
Chr6	66500001	67000001	45.6932
Chr6	67000001	67500001	46.2904
Chr6	67500001	68000001	49.0172
Chr6	68000001	68056104	47.977826497691744
Chr7	1	500001	51.7196
Chr7	500001	1000001	50.9494
Chr7	1000001	1500001	50.4554
Chr7	1500001	2000001	47.714800000000004
Chr7	2000001	2500001	45.33
Chr7	2500001	3000001	44.3964
Chr7	3000001	3500001	43.8236
Chr7	3500001	4000001	43.8594
Chr7	4000001	4500001	42.8886
Chr7	4500001	5000001	43.1928
Chr7	5000001	5500001	43.492799999999995
Chr7	5500001	6000001	42.3716
Chr7	6000001	6500001	41.3034
Chr7	6500001	7000001	42.305
Chr7	7000001	7500001	42.7864
Chr7	7500001	8000001	43.5518
Chr7	8000001	8500001	42.8796
Chr7	8500001	9000001	43.101800000000004
Chr7	9000001	9500001	43.0754
Chr7	9500001	10000001	43.726
Chr7	10000001	10500001	41.887
Chr7	10500001	11000001	42.122
Chr7	11000001	11500001	42.4566
Chr7	11500001	12000001	41.9634
Chr7	12000001	12500001	42.239599999999996
Chr7	12500001	13000001	43.1944
Chr7	13000001	13500001	43.5984
Chr7	13500001	14000001	43.528
Chr7	14000001	14500001	43.819599999999994
Chr7	14500001	15000001	43.1406
Chr7	15000001	15500001	42.3822
Chr7	15500001	16000001	43.2336
Chr7	16000001	16500001	43.4854
Chr7	16500001	17000001	42.3216
Chr7	17000001	17500001	42.5458
Chr7	17500001	18000001	42.2124
Chr7	18000001	18500001	43.612
Chr7	18500001	19000001	43.0646
Chr7	19000001	19500001	44.4182
Chr7	19500001	20000001	44.790600000000005
Chr7	20000001	20500001	44.1814
Chr7	20500001	21000001	43.555
Chr7	21000001	21500001	43.6728
Chr7	21500001	22000001	43.219
Chr7	22000001	22500001	42.718
Chr7	22500001	23000001	42.2188
Chr7	23000001	23500001	42.2308
Chr7	23500001	24000001	42.8256
Chr7	24000001	24500001	42.5012
Chr7	24500001	25000001	43.6932
Chr7	25000001	25500001	43.3764
Chr7	25500001	26000001	42.9776
Chr7	26000001	26500001	42.7236
Chr7	26500001	27000001	43.077
Chr7	27000001	27500001	43.364599999999996
Chr7	27500001	28000001	41.903400000000005
Chr7	28000001	28500001	42.8524
Chr7	28500001	29000001	42.055
Chr7	29000001	29500001	43.1186
Chr7	29500001	30000001	43.1804
Chr7	30000001	30500001	43.5436
Chr7	30500001	31000001	43.175200000000004
Chr7	31000001	31500001	43.6872
Chr7	31500001	32000001	43.4502
Chr7	32000001	32500001	42.349
Chr7	32500001	33000001	43.248799999999996
Chr7	33000001	33500001	43.208
Chr7	33500001	34000001	42.782599999999995
Chr7	34000001	34500001	43.462
Chr7	34500001	35000001	43.0282
Chr7	35000001	35500001	43.497
Chr7	35500001	36000001	42.3964
Chr7	36000001	36500001	43.607
Chr7	36500001	37000001	43.7226
Chr7	37000001	37500001	43.7376
Chr7	37500001	38000001	43.5218
Chr7	38000001	38500001	44.290800000000004
Chr7	38500001	39000001	44.7476
Chr7	39000001	39500001	44.452799999999996
Chr7	39500001	40000001	43.608200000000004
Chr7	40000001	40500001	44.6416
Chr7	40500001	41000001	42.4994
Chr7	41000001	41500001	42.3412
Chr7	41500001	42000001	42.4388
Chr7	42000001	42500001	41.704
Chr7	42500001	43000001	42.5688
Chr7	43000001	43500001	42.2742
Chr7	43500001	44000001	41.983599999999996
Chr7	44000001	44500001	41.5642
Chr7	44500001	45000001	42.8144
Chr7	45000001	45500001	42.565
Chr7	45500001	46000001	41.9974
Chr7	46000001	46500001	41.6978
Chr7	46500001	47000001	41.9744
Chr7	47000001	47500001	42.4098
Chr7	47500001	48000001	43.0386
Chr7	48000001	48500001	42.355
Chr7	48500001	49000001	42.4796
Chr7	49000001	49500001	42.559999999999995
Chr7	49500001	50000001	42.5786
Chr7	50000001	50500001	42.3938
Chr7	50500001	51000001	41.6518
Chr7	51000001	51500001	42.6216
Chr7	51500001	52000001	41.2504
Chr7	52000001	52500001	42.1694
Chr7	52500001	53000001	41.016799999999996
Chr7	53000001	53500001	42.1322
Chr7	53500001	54000001	42.674800000000005
Chr7	54000001	54500001	42.4726
Chr7	54500001	55000001	42.6332
Chr7	55000001	55500001	42.342600000000004
Chr7	55500001	56000001	41.8476
Chr7	56000001	56500001	42.8152
Chr7	56500001	57000001	43.0496
Chr7	57000001	57500001	42.25
Chr7	57500001	58000001	42.545
Chr7	58000001	58500001	44.303599999999996
Chr7	58500001	59000001	43.431799999999996
Chr7	59000001	59500001	43.2216
Chr7	59500001	60000001	42.4618
Chr7	60000001	60500001	43.636399999999995
Chr7	60500001	61000001	43.3744
Chr7	61000001	61500001	44.1768
Chr7	61500001	62000001	44.4554
Chr7	62000001	62500001	44.8952
Chr7	62500001	63000001	45.3576
Chr7	63000001	63500001	46.2652
Chr7	63500001	63778719	48.821748146872466
Chr8	1	500001	54.537400000000005
Chr8	500001	1000001	53.4296
Chr8	1000001	1500001	46.7704
Chr8	1500001	2000001	44.162800000000004
Chr8	2000001	2500001	46.4798
Chr8	2500001	3000001	46.3426
Chr8	3000001	3500001	45.5036
Chr8	3500001	4000001	46.3348
Chr8	4000001	4500001	44.9236
Chr8	4500001	5000001	45.4656
Chr8	5000001	5500001	45.3614
Chr8	5500001	6000001	45.730599999999995
Chr8	6000001	6500001	46.88
Chr8	6500001	7000001	46.377
Chr8	7000001	7500001	46.1812
Chr8	7500001	8000001	45.7848
Chr8	8000001	8500001	45.83
Chr8	8500001	9000001	46.9352
Chr8	9000001	9500001	46.3554
Chr8	9500001	10000001	48.0074
Chr8	10000001	10500001	48.7582
Chr8	10500001	11000001	48.8448
Chr8	11000001	11500001	44.351800000000004
Chr8	11500001	12000001	45.69
Chr8	12000001	12500001	46.2284
Chr8	12500001	13000001	43.9384
Chr8	13000001	13500001	43.4782
Chr8	13500001	14000001	43.473600000000005
Chr8	14000001	14500001	41.937400000000004
Chr8	14500001	15000001	44.36
Chr8	15000001	15500001	46.9816
Chr8	15500001	16000001	47.333
Chr8	16000001	16500001	44.6002
Chr8	16500001	17000001	44.385400000000004
Chr8	17000001	17500001	42.3512
Chr8	17500001	18000001	43.49
Chr8	18000001	18500001	42.2266
Chr8	18500001	19000001	43.153200000000005
Chr8	19000001	19500001	44.623400000000004
Chr8	19500001	20000001	45.202
Chr8	20000001	20500001	44.525
Chr8	20500001	21000001	44.8438
Chr8	21000001	21500001	44.431599999999996
Chr8	21500001	22000001	43.9296
Chr8	22000001	22500001	44.4094
Chr8	22500001	23000001	45.231
Chr8	23000001	23500001	43.424
Chr8	23500001	24000001	44.8576
Chr8	24000001	24500001	44.903999999999996
Chr8	24500001	25000001	44.1986
Chr8	25000001	25500001	44.7838
Chr8	25500001	26000001	44.418
Chr8	26000001	26500001	44.957
Chr8	26500001	27000001	43.84
Chr8	27000001	27500001	44.2002
Chr8	27500001	28000001	44.921
Chr8	28000001	28500001	44.4824
Chr8	28500001	29000001	44.512
Chr8	29000001	29500001	43.1842
Chr8	29500001	30000001	43.5026
Chr8	30000001	30500001	43.4274
Chr8	30500001	31000001	43.6274
Chr8	31000001	31500001	43.4948
Chr8	31500001	32000001	43.312
Chr8	32000001	32500001	43.5908
Chr8	32500001	33000001	42.887
Chr8	33000001	33500001	42.904599999999995
Chr8	33500001	34000001	43.4406
Chr8	34000001	34500001	43.2114
Chr8	34500001	35000001	43.942
Chr8	35000001	35500001	44.4274
Chr8	35500001	36000001	43.297999999999995
Chr8	36000001	36500001	42.14
Chr8	36500001	37000001	43.940400000000004
Chr8	37000001	37500001	44.5244
Chr8	37500001	38000001	45.0324
Chr8	38000001	38500001	43.254599999999996
Chr8	38500001	39000001	44.212
Chr8	39000001	39500001	43.8292
Chr8	39500001	40000001	43.4822
Chr8	40000001	40500001	42.0958
Chr8	40500001	41000001	42.9548
Chr8	41000001	41500001	43.3176
Chr8	41500001	42000001	42.8908
Chr8	42000001	42500001	41.7318
Chr8	42500001	43000001	41.9056
Chr8	43000001	43500001	43.764399999999995
Chr8	43500001	44000001	43.3066
Chr8	44000001	44500001	43.5878
Chr8	44500001	45000001	43.53
Chr8	45000001	45500001	44.2284
Chr8	45500001	46000001	45.0322
Chr8	46000001	46500001	44.4596
Chr8	46500001	47000001	44.9046
Chr8	47000001	47500001	44.239200000000004
Chr8	47500001	48000001	43.3142
Chr8	48000001	48500001	44.2344
Chr8	48500001	49000001	44.3418
Chr8	49000001	49500001	44.4202
Chr8	49500001	50000001	46.7186
Chr8	50000001	50500001	47.4978
Chr8	50500001	51000001	46.455999999999996
Chr8	51000001	51500001	46.7346
Chr8	51500001	52000001	50.2548
Chr8	52000001	52500001	51.368199999999995
Chr8	52500001	53000001	54.153
Chr8	53000001	53019942	48.85411965297628
Chr9	1	500001	47.198
Chr9	500001	1000001	46.3644
Chr9	1000001	1500001	45.5992
Chr9	1500001	2000001	47.1348
Chr9	2000001	2500001	46.6162
Chr9	2500001	3000001	45.6038
Chr9	3000001	3500001	45.0144
Chr9	3500001	4000001	45.583800000000004
Chr9	4000001	4500001	45.4878
Chr9	4500001	5000001	44.089
Chr9	5000001	5500001	46.7252
Chr9	5500001	6000001	47.5142
Chr9	6000001	6500001	46.7132
Chr9	6500001	7000001	46.034000000000006
Chr9	7000001	7500001	47.0202
Chr9	7500001	8000001	45.0448
Chr9	8000001	8500001	45.1538
Chr9	8500001	9000001	46.297399999999996
Chr9	9000001	9500001	46.4666
Chr9	9500001	10000001	47.666599999999995
Chr9	10000001	10500001	50.1018
Chr9	10500001	11000001	50.928
Chr9	11000001	11500001	54.5606
Chr9	11500001	12000001	48.9178
Chr9	12000001	12500001	45.8434
Chr9	12500001	13000001	46.0994
Chr9	13000001	13500001	45.9024
Chr9	13500001	14000001	46.446799999999996
Chr9	14000001	14500001	47.4598
Chr9	14500001	15000001	45.284400000000005
Chr9	15000001	15500001	48.086400000000005
Chr9	15500001	16000001	48.2172
Chr9	16000001	16500001	46.9128
Chr9	16500001	17000001	45.3518
Chr9	17000001	17500001	45.4192
Chr9	17500001	18000001	45.036
Chr9	18000001	18500001	44.919799999999995
Chr9	18500001	19000001	44.967
Chr9	19000001	19500001	46.0356
Chr9	19500001	20000001	45.2212
Chr9	20000001	20500001	51.258199999999995
Chr9	20500001	21000001	48.8746
Chr9	21000001	21500001	48.0626
Chr9	21500001	22000001	47.5932
Chr9	22000001	22500001	46.525
Chr9	22500001	23000001	44.0934
Chr9	23000001	23500001	45.7962
Chr9	23500001	24000001	43.9552
Chr9	24000001	24500001	43.3592
Chr9	24500001	25000001	43.5508
Chr9	25000001	25500001	43.1386
Chr9	25500001	26000001	43.147400000000005
Chr9	26000001	26500001	43.0676
Chr9	26500001	27000001	42.59
Chr9	27000001	27500001	41.8078
Chr9	27500001	28000001	43.111
Chr9	28000001	28500001	43.4468
Chr9	28500001	29000001	43.3094
Chr9	29000001	29500001	42.5774
Chr9	29500001	30000001	43.4846
Chr9	30000001	30500001	43.7628
Chr9	30500001	31000001	41.4126
Chr9	31000001	31500001	42.0158
Chr9	31500001	32000001	42.5852
Chr9	32000001	32500001	44.0986
Chr9	32500001	33000001	46.0522
Chr9	33000001	33500001	43.545
Chr9	33500001	34000001	42.742799999999995
Chr9	34000001	34500001	43.1004
Chr9	34500001	35000001	42.805
Chr9	35000001	35500001	43.0926
Chr9	35500001	36000001	44.035999999999994
Chr9	36000001	36500001	44.743
Chr9	36500001	37000001	45.184000000000005
Chr9	37000001	37500001	46.739999999999995
Chr9	37500001	37978314	47.012939225988006
Chr10	1	500001	51.2858
Chr10	500001	1000001	49.106
Chr10	1000001	1500001	47.514
Chr10	1500001	2000001	45.6768
Chr10	2000001	2500001	48.2108
Chr10	2500001	3000001	49.196
Chr10	3000001	3500001	48.620999999999995
Chr10	3500001	4000001	46.765
Chr10	4000001	4500001	46.5278
Chr10	4500001	5000001	47.36
Chr10	5000001	5500001	46.7506
Chr10	5500001	6000001	45.7956
Chr10	6000001	6500001	47.3054
Chr10	6500001	7000001	46.3054
Chr10	7000001	7500001	46.7334
Chr10	7500001	8000001	45.583800000000004
Chr10	8000001	8500001	45.6452
Chr10	8500001	9000001	44.1498
Chr10	9000001	9500001	44.974799999999995
Chr10	9500001	10000001	44.901
Chr10	10000001	10500001	45.0998
Chr10	10500001	11000001	45.3202
Chr10	11000001	11500001	44.8166
Chr10	11500001	12000001	44.522800000000004
Chr10	12000001	12500001	45.480199999999996
Chr10	12500001	13000001	46.068
Chr10	13000001	13500001	47.05
Chr10	13500001	14000001	47.4484
Chr10	14000001	14500001	45.5482
Chr10	14500001	15000001	46.2044
Chr10	15000001	15500001	43.7214
Chr10	15500001	16000001	44.2166
Chr10	16000001	16500001	46.875
Chr10	16500001	17000001	46.590199999999996
Chr10	17000001	17500001	48.6386
Chr10	17500001	18000001	46.6338
Chr10	18000001	18500001	48.1688
Chr10	18500001	19000001	48.7444
Chr10	19000001	19500001	46.6404
Chr10	19500001	20000001	46.3626
Chr10	20000001	20500001	46.3434
Chr10	20500001	21000001	48.2356
Chr10	21000001	21500001	49.8908
Chr10	21500001	22000001	51.2296
Chr10	22000001	22500001	56.093
Chr10	22500001	23000001	53.172399999999996
Chr10	23000001	23371246	53.73809748279438
Chr11	1	500001	54.927800000000005
Chr11	500001	1000001	52.666199999999996
Chr11	1000001	1500001	47.5366
Chr11	1500001	2000001	46.4154
Chr11	2000001	2500001	47.374
Chr11	2500001	3000001	47.8194
Chr11	3000001	3500001	45.599000000000004
Chr11	3500001	4000001	44.1532
Chr11	4000001	4500001	44.1846
Chr11	4500001	5000001	45.0994
Chr11	5000001	5500001	44.040600000000005
Chr11	5500001	6000001	44.2826
Chr11	6000001	6500001	43.7554
Chr11	6500001	7000001	44.907799999999995
Chr11	7000001	7500001	43.376999999999995
Chr11	7500001	8000001	44.253
Chr11	8000001	8500001	42.3686
Chr11	8500001	9000001	44.3696
Chr11	9000001	9500001	44.0876
Chr11	9500001	10000001	45.189800000000005
Chr11	10000001	10500001	44.5256
Chr11	10500001	11000001	44.7796
Chr11	11000001	11500001	45.7354
Chr11	11500001	12000001	44.7832
Chr11	12000001	12500001	44.1896
Chr11	12500001	13000001	45.2034
Chr11	13000001	13500001	45.928799999999995
Chr11	13500001	14000001	45.1256
Chr11	14000001	14500001	43.7286
Chr11	14500001	15000001	44.1978
Chr11	15000001	15500001	48.8598
Chr11	15500001	16000001	51.91519999999999
Chr11	16000001	16500001	48.225
Chr11	16500001	17000001	47.8408
Chr11	17000001	17500001	46.22
Chr11	17500001	18000001	48.4134
Chr11	18000001	18500001	47.7414
Chr11	18500001	19000001	47.370000000000005
Chr11	19000001	19500001	46.5738
Chr11	19500001	20000001	46.546
Chr11	20000001	20500001	45.8706
Chr11	20500001	21000001	45.78
Chr11	21000001	21500001	44.8092
Chr11	21500001	21874651	44.98038168957694
Chr12	1	500001	51.9496
Chr12	500001	1000001	48.5448
Chr12	1000001	1500001	46.257999999999996
Chr12	1500001	2000001	45.6594
Chr12	2000001	2500001	46.2422
Chr12	2500001	3000001	45.0092
Chr12	3000001	3500001	45.2226
Chr12	3500001	4000001	43.3536
Chr12	4000001	4500001	44.074999999999996
Chr12	4500001	5000001	43.2392
Chr12	5000001	5500001	44.327
Chr12	5500001	6000001	47.7166
Chr12	6000001	6500001	48.465399999999995
Chr12	6500001	7000001	46.1582
Chr12	7000001	7500001	43.732
Chr12	7500001	8000001	41.727
Chr12	8000001	8500001	43.275200000000005
Chr12	8500001	9000001	43.1854
Chr12	9000001	9500001	42.9618
Chr12	9500001	10000001	43.6026
Chr12	10000001	10500001	43.4094
Chr12	10500001	11000001	43.525000000000006
Chr12	11000001	11500001	45.394
Chr12	11500001	12000001	43.7164
Chr12	12000001	12500001	44.1444
Chr12	12500001	13000001	44.2472
Chr12	13000001	13500001	44.574200000000005
Chr12	13500001	14000001	44.458
Chr12	14000001	14500001	44.812400000000004
Chr12	14500001	15000001	45.413599999999995
Chr12	15000001	15500001	44.7146
Chr12	15500001	16000001	47.644999999999996
Chr12	16000001	16500001	48.5186
Chr12	16500001	17000001	53.0636
Chr12	17000001	17500001	57.071600000000004
Chr12	17500001	17641550	50.74426523677313
Chr13	1	500001	47.728
Chr13	500001	1000001	47.3748
Chr13	1000001	1500001	46.4996
Chr13	1500001	2000001	49.0556
Chr13	2000001	2500001	44.5244
Chr13	2500001	3000001	47.3322
Chr13	3000001	3500001	47.177
Chr13	3500001	4000001	49.4552
Chr13	4000001	4500001	47.7524
Chr13	4500001	5000001	49.9308
Chr13	5000001	5500001	54.409
Chr13	5500001	6000001	46.0372
Chr13	6000001	6500001	45.9654
Chr13	6500001	7000001	45.8756
Chr13	7000001	7500001	44.272600000000004
Chr13	7500001	8000001	45.0978
Chr13	8000001	8500001	46.2174
Chr13	8500001	9000001	46.1602
Chr13	9000001	9500001	47.300799999999995
Chr13	9500001	10000001	46.2896
Chr13	10000001	10500001	51.0768
Chr13	10500001	11000001	53.230599999999995
Chr13	11000001	11500001	50.4832
Chr13	11500001	12000001	48.8628
Chr13	12000001	12500001	47.772
Chr13	12500001	13000001	46.779199999999996
Chr13	13000001	13500001	47.5522
Chr13	13500001	14000001	46.7312
Chr13	14000001	14500001	46.115
Chr13	14500001	15000001	45.6956
Chr13	15000001	15500001	43.4094
Chr13	15500001	16000001	45.1114
Chr13	16000001	16500001	44.4704
Chr13	16500001	17000001	45.405
Chr13	17000001	17051481	52.46697746697747
Chr14	1	500001	55.227000000000004
Chr14	500001	1000001	53.108200000000004
Chr14	1000001	1500001	49.431000000000004
Chr14	1500001	2000001	45.184400000000004
Chr14	2000001	2500001	47.9662
Chr14	2500001	3000001	47.659
Chr14	3000001	3500001	47.2624
Chr14	3500001	4000001	48.6816
Chr14	4000001	4500001	48.8878
Chr14	4500001	5000001	46.900999999999996
Chr14	5000001	5500001	48.615
Chr14	5500001	6000001	45.8846
Chr14	6000001	6500001	47.542
Chr14	6500001	7000001	46.0476
Chr14	7000001	7500001	45.979
Chr14	7500001	8000001	46.25
Chr14	8000001	8500001	45.1558
Chr14	8500001	9000001	46.377
Chr14	9000001	9500001	46.1342
Chr14	9500001	10000001	50.4958
Chr14	10000001	10500001	51.9054
Chr14	10500001	10970200	50.98564650286368
Chr15	1	500001	49.7018
Chr15	500001	1000001	50.156
Chr15	1000001	1500001	47.886
Chr15	1500001	2000001	48.0536
Chr15	2000001	2500001	49.6176
Chr15	2500001	3000001	52.0644
Chr15	3000001	3500001	49.3744
Chr15	3500001	4000001	47.8694
Chr15	4000001	4500001	47.8314
Chr15	4500001	5000001	48.211
Chr15	5000001	5500001	47.522999999999996
Chr15	5500001	6000001	47.7064
Chr15	6000001	6500001	49.4674
Chr15	6500001	7000001	48.971399999999996
Chr15	7000001	7500001	48.0512
Chr15	7500001	8000001	47.200199999999995
Chr15	8000001	8500001	47.9298
Chr15	8500001	9000001	48.768
Chr15	9000001	9500001	50.8162
Chr15	9500001	10000001	52.007999999999996
Chr15	10000001	10500001	55.020199999999996
Chr15	10500001	10901850	54.20269802836388
Chr16	1	500001	55.084599999999995
Chr16	500001	1000001	53.0562
Chr16	1000001	1500001	49.9216
Chr16	1500001	2000001	50.417
Chr16	2000001	2500001	55.39960000000001
Chr16	2500001	3000001	54.187200000000004
Chr16	3000001	3500001	52.924400000000006
Chr16	3500001	4000001	52.1216
Chr16	4000001	4500001	49.8342
Chr16	4500001	5000001	51.0672
Chr16	5000001	5500001	50.9798
Chr16	5500001	6000001	50.627599999999994
Chr16	6000001	6500001	48.7346
Chr16	6500001	7000001	47.900999999999996
Chr16	7000001	7500001	50.2352
Chr16	7500001	8000001	51.035399999999996
Chr16	8000001	8500001	52.1208
Chr16	8500001	8873110	51.40562141358156
scaffold_17	1	151290	68.08029665078095
scaffold_18	1	35280	47.58921738144505
scaffold_19	1	34638	68.0110864104859
scaffold_21	1	20093	38.542703563607404
