Chromosome	Start	End	GC_Content
Chr1	0	500000	50.720600000000005
Chr1	500000	1000000	51.150600000000004
Chr1	1000000	1500000	49.6014
Chr1	1500000	2000000	48.364000000000004
Chr1	2000000	2500000	46.642
Chr1	2500000	3000000	47.4058
Chr1	3000000	3500000	47.4758
Chr1	3500000	4000000	46.766799999999996
Chr1	4000000	4500000	45.9954
Chr1	4500000	5000000	45.7744
Chr1	5000000	5500000	44.102000000000004
Chr1	5500000	6000000	45.1742
Chr1	6000000	6500000	44.233200000000004
Chr1	6500000	7000000	44.6056
Chr1	7000000	7500000	44.6184
Chr1	7500000	8000000	44.5234
Chr1	8000000	8500000	44.345800000000004
Chr1	8500000	9000000	44.595600000000005
Chr1	9000000	9500000	44.14
Chr1	9500000	10000000	44.0722
Chr1	10000000	10500000	44.6008
Chr1	10500000	11000000	44.613
Chr1	11000000	11500000	43.486599999999996
Chr1	11500000	12000000	42.617
Chr1	12000000	12500000	43.644800000000004
Chr1	12500000	13000000	43.113800000000005
Chr1	13000000	13500000	43.092000000000006
Chr1	13500000	14000000	43.841
Chr1	14000000	14500000	43.477199999999996
Chr1	14500000	15000000	43.0578
Chr1	15000000	15500000	42.7816
Chr1	15500000	16000000	43.042
Chr1	16000000	16500000	43.6988
Chr1	16500000	17000000	43.1506
Chr1	17000000	17500000	42.5886
Chr1	17500000	18000000	43.8506
Chr1	18000000	18500000	42.9694
Chr1	18500000	19000000	43.8126
Chr1	19000000	19500000	42.0568
Chr1	19500000	20000000	43.2872
Chr1	20000000	20500000	43.595800000000004
Chr1	20500000	21000000	42.0546
Chr1	21000000	21500000	43.16
Chr1	21500000	22000000	41.8944
Chr1	22000000	22500000	43.2282
Chr1	22500000	23000000	43.459199999999996
Chr1	23000000	23500000	43.0258
Chr1	23500000	24000000	43.7782
Chr1	24000000	24500000	43.4822
Chr1	24500000	25000000	43.453199999999995
Chr1	25000000	25500000	43.023
Chr1	25500000	26000000	42.588
Chr1	26000000	26500000	42.7838
Chr1	26500000	27000000	43.215599999999995
Chr1	27000000	27500000	43.1536
Chr1	27500000	28000000	43.294399999999996
Chr1	28000000	28500000	43.7896
Chr1	28500000	29000000	43.3428
Chr1	29000000	29500000	43.7926
Chr1	29500000	30000000	43.333
Chr1	30000000	30500000	43.8236
Chr1	30500000	31000000	44.6402
Chr1	31000000	31500000	49.924
Chr1	31500000	32000000	46.8804
Chr1	32000000	32500000	46.117200000000004
Chr1	32500000	33000000	45.9356
Chr1	33000000	33500000	44.8576
Chr1	33500000	34000000	44.041999999999994
Chr1	34000000	34500000	43.802600000000005
Chr1	34500000	35000000	43.983
Chr1	35000000	35500000	44.701800000000006
Chr1	35500000	36000000	45.019999999999996
Chr1	36000000	36500000	44.8884
Chr1	36500000	37000000	44.440200000000004
Chr1	37000000	37500000	45.234
Chr1	37500000	38000000	44.0826
Chr1	38000000	38500000	43.2116
Chr1	38500000	39000000	44.1616
Chr1	39000000	39500000	43.525999999999996
Chr1	39500000	40000000	44.2842
Chr1	40000000	40500000	43.6536
Chr1	40500000	41000000	43.6244
Chr1	41000000	41500000	43.5832
Chr1	41500000	42000000	42.842999999999996
Chr1	42000000	42500000	42.5332
Chr1	42500000	43000000	42.646
Chr1	43000000	43500000	43.370999999999995
Chr1	43500000	44000000	43.0938
Chr1	44000000	44500000	42.3836
Chr1	44500000	45000000	42.5904
Chr1	45000000	45500000	43.4976
Chr1	45500000	46000000	43.198
Chr1	46000000	46500000	43.473
Chr1	46500000	47000000	42.855
Chr1	47000000	47500000	41.7178
Chr1	47500000	48000000	43.3068
Chr1	48000000	48500000	43.3826
Chr1	48500000	49000000	42.6594
Chr1	49000000	49500000	44.153
Chr1	49500000	50000000	43.3732
Chr1	50000000	50500000	43.318200000000004
Chr1	50500000	51000000	43.319
Chr1	51000000	51500000	42.1274
Chr1	51500000	52000000	44.2854
Chr1	52000000	52500000	41.7634
Chr1	52500000	53000000	41.519600000000004
Chr1	53000000	53500000	42.7368
Chr1	53500000	54000000	43.285000000000004
Chr1	54000000	54500000	43.0128
Chr1	54500000	55000000	42.3946
Chr1	55000000	55500000	42.9286
Chr1	55500000	56000000	42.3386
Chr1	56000000	56500000	42.2854
Chr1	56500000	57000000	42.903400000000005
Chr1	57000000	57500000	42.5372
Chr1	57500000	58000000	42.8654
Chr1	58000000	58500000	42.591
Chr1	58500000	59000000	42.105
Chr1	59000000	59500000	41.2432
Chr1	59500000	60000000	41.6794
Chr1	60000000	60500000	42.465599999999995
Chr1	60500000	61000000	43.3106
Chr1	61000000	61500000	42.6028
Chr1	61500000	62000000	43.5502
Chr1	62000000	62500000	42.7122
Chr1	62500000	63000000	42.0968
Chr1	63000000	63500000	43.2526
Chr1	63500000	64000000	43.266
Chr1	64000000	64500000	42.982
Chr1	64500000	65000000	42.003800000000005
Chr1	65000000	65500000	43.272
Chr1	65500000	66000000	43.0818
Chr1	66000000	66500000	43.1538
Chr1	66500000	67000000	42.4574
Chr1	67000000	67500000	42.342600000000004
Chr1	67500000	68000000	43.2952
Chr1	68000000	68500000	43.5188
Chr1	68500000	69000000	43.6586
Chr1	69000000	69500000	43.156
Chr1	69500000	70000000	42.748999999999995
Chr1	70000000	70500000	41.566199999999995
Chr1	70500000	71000000	41.686
Chr1	71000000	71500000	43.4398
Chr1	71500000	72000000	43.7442
Chr1	72000000	72500000	44.056200000000004
Chr1	72500000	73000000	43.3044
Chr1	73000000	73500000	43.2714
Chr1	73500000	74000000	41.6084
Chr1	74000000	74500000	41.943200000000004
Chr1	74500000	75000000	42.0458
Chr1	75000000	75500000	42.69
Chr1	75500000	76000000	43.0946
Chr1	76000000	76500000	43.094
Chr1	76500000	77000000	42.471
Chr1	77000000	77500000	41.6848
Chr1	77500000	78000000	42.004200000000004
Chr1	78000000	78500000	42.363
Chr1	78500000	79000000	41.839999999999996
Chr1	79000000	79500000	42.8204
Chr1	79500000	80000000	41.8232
Chr1	80000000	80500000	43.1556
Chr1	80500000	81000000	41.2634
Chr1	81000000	81500000	41.9806
Chr1	81500000	82000000	42.461
Chr1	82000000	82500000	42.886
Chr1	82500000	83000000	42.2506
Chr1	83000000	83500000	42.4838
Chr1	83500000	84000000	43.2436
Chr1	84000000	84500000	42.6062
Chr1	84500000	85000000	43.215599999999995
Chr1	85000000	85500000	42.6922
Chr1	85500000	86000000	42.403600000000004
Chr1	86000000	86500000	42.208400000000005
Chr1	86500000	87000000	42.8142
Chr1	87000000	87500000	43.025000000000006
Chr1	87500000	88000000	42.1378
Chr1	88000000	88500000	43.4336
Chr1	88500000	89000000	41.9552
Chr1	89000000	89500000	41.243
Chr1	89500000	90000000	42.342
Chr1	90000000	90500000	42.747600000000006
Chr1	90500000	91000000	42.6398
Chr1	91000000	91500000	41.6644
Chr1	91500000	92000000	41.266000000000005
Chr1	92000000	92500000	41.8536
Chr1	92500000	93000000	42.3456
Chr1	93000000	93500000	42.757
Chr1	93500000	94000000	43.7248
Chr1	94000000	94500000	41.836
Chr1	94500000	95000000	42.3578
Chr1	95000000	95500000	41.702600000000004
Chr1	95500000	96000000	42.2104
Chr1	96000000	96500000	41.661
Chr1	96500000	97000000	41.293800000000005
Chr1	97000000	97500000	42.4342
Chr1	97500000	98000000	41.5852
Chr1	98000000	98500000	41.3628
Chr1	98500000	99000000	41.8322
Chr1	99000000	99500000	42.9174
Chr1	99500000	100000000	42.9598
Chr1	100000000	100500000	42.2238
Chr1	100500000	101000000	42.5738
Chr1	101000000	101500000	42.2926
Chr1	101500000	102000000	41.348600000000005
Chr1	102000000	102500000	42.526599999999995
Chr1	102500000	103000000	42.385
Chr1	103000000	103500000	42.8342
Chr1	103500000	104000000	42.4196
Chr1	104000000	104500000	42.3516
Chr1	104500000	105000000	41.8824
Chr1	105000000	105500000	42.3892
Chr1	105500000	106000000	41.4556
Chr1	106000000	106500000	42.6276
Chr1	106500000	107000000	42.464200000000005
Chr1	107000000	107500000	41.8612
Chr1	107500000	108000000	42.0668
Chr1	108000000	108500000	42.9576
Chr1	108500000	109000000	42.8214
Chr1	109000000	109500000	43.342000000000006
Chr1	109500000	110000000	41.592800000000004
Chr1	110000000	110500000	42.4668
Chr1	110500000	111000000	42.936800000000005
Chr1	111000000	111500000	42.498000000000005
Chr1	111500000	112000000	42.445
Chr1	112000000	112500000	42.9226
Chr1	112500000	113000000	42.7316
Chr1	113000000	113500000	41.726
Chr1	113500000	114000000	42.647400000000005
Chr1	114000000	114500000	42.0018
Chr1	114500000	115000000	42.7656
Chr1	115000000	115500000	41.8566
Chr1	115500000	116000000	42.0634
Chr1	116000000	116500000	42.6146
Chr1	116500000	117000000	42.0452
Chr1	117000000	117500000	42.6828
Chr1	117500000	118000000	42.0694
Chr1	118000000	118500000	42.0292
Chr1	118500000	119000000	42.1032
Chr1	119000000	119500000	42.946400000000004
Chr1	119500000	120000000	42.485
Chr1	120000000	120500000	41.7212
Chr1	120500000	121000000	42.3192
Chr1	121000000	121500000	42.4594
Chr1	121500000	122000000	42.42
Chr1	122000000	122500000	41.9386
Chr1	122500000	123000000	42.7434
Chr1	123000000	123500000	42.7494
Chr1	123500000	124000000	41.8338
Chr1	124000000	124500000	42.093599999999995
Chr1	124500000	125000000	42.6742
Chr1	125000000	125500000	42.7654
Chr1	125500000	126000000	42.5392
Chr1	126000000	126500000	42.2282
Chr1	126500000	127000000	41.976400000000005
Chr1	127000000	127500000	42.776599999999995
Chr1	127500000	128000000	42.6342
Chr1	128000000	128500000	42.897800000000004
Chr1	128500000	129000000	42.586
Chr1	129000000	129500000	42.4996
Chr1	129500000	130000000	42.2164
Chr1	130000000	130500000	42.257600000000004
Chr1	130500000	131000000	42.7532
Chr1	131000000	131500000	41.7132
Chr1	131500000	132000000	42.9184
Chr1	132000000	132500000	41.492000000000004
Chr1	132500000	133000000	42.1834
Chr1	133000000	133500000	42.2374
Chr1	133500000	134000000	42.766999999999996
Chr1	134000000	134500000	43.1256
Chr1	134500000	135000000	42.2928
Chr1	135000000	135500000	42.8736
Chr1	135500000	136000000	43.0808
Chr1	136000000	136500000	42.9948
Chr1	136500000	137000000	42.486000000000004
Chr1	137000000	137500000	41.1566
Chr1	137500000	138000000	42.163000000000004
Chr1	138000000	138500000	42.0404
Chr1	138500000	139000000	42.1694
Chr1	139000000	139500000	42.669200000000004
Chr1	139500000	140000000	42.5342
Chr1	140000000	140500000	41.746
Chr1	140500000	141000000	42.903999999999996
Chr1	141000000	141500000	42.359
Chr1	141500000	142000000	43.019
Chr1	142000000	142500000	43.0948
Chr1	142500000	143000000	43.2678
Chr1	143000000	143500000	42.2318
Chr1	143500000	144000000	41.5878
Chr1	144000000	144500000	42.472
Chr1	144500000	145000000	42.8556
Chr1	145000000	145500000	43.195
Chr1	145500000	146000000	43.251
Chr1	146000000	146500000	43.3826
Chr1	146500000	147000000	42.4616
Chr1	147000000	147500000	42.293
Chr1	147500000	148000000	42.8744
Chr1	148000000	148500000	42.525
Chr1	148500000	149000000	43.0248
Chr1	149000000	149500000	42.683
Chr1	149500000	150000000	43.348
Chr1	150000000	150500000	42.141400000000004
Chr1	150500000	151000000	43.3298
Chr1	151000000	151500000	42.964400000000005
Chr1	151500000	152000000	42.6524
Chr1	152000000	152500000	42.594
Chr1	152500000	153000000	43.068200000000004
Chr1	153000000	153500000	43.4614
Chr1	153500000	154000000	42.4752
Chr1	154000000	154500000	43.059
Chr1	154500000	155000000	43.4708
Chr1	155000000	155500000	42.882799999999996
Chr1	155500000	156000000	41.1276
Chr1	156000000	156500000	42.0858
Chr1	156500000	157000000	42.942
Chr1	157000000	157500000	42.8564
Chr1	157500000	158000000	42.489
Chr1	158000000	158500000	43.0296
Chr1	158500000	159000000	42.9238
Chr1	159000000	159500000	42.8952
Chr1	159500000	160000000	41.9052
Chr1	160000000	160500000	42.5064
Chr1	160500000	161000000	41.7978
Chr1	161000000	161500000	42.5732
Chr1	161500000	162000000	42.4326
Chr1	162000000	162500000	42.251
Chr1	162500000	163000000	43.414
Chr1	163000000	163500000	43.1032
Chr1	163500000	164000000	43.3348
Chr1	164000000	164500000	43.306
Chr1	164500000	165000000	42.0674
Chr1	165000000	165500000	41.5884
Chr1	165500000	166000000	42.5394
Chr1	166000000	166500000	42.8234
Chr1	166500000	167000000	43.0208
Chr1	167000000	167500000	42.6116
Chr1	167500000	168000000	42.891200000000005
Chr1	168000000	168500000	42.183
Chr1	168500000	169000000	42.581799999999994
Chr1	169000000	169500000	42.9458
Chr1	169500000	170000000	41.6122
Chr1	170000000	170500000	43.086400000000005
Chr1	170500000	171000000	42.5848
Chr1	171000000	171500000	42.8616
Chr1	171500000	172000000	42.682199999999995
Chr1	172000000	172500000	43.4356
Chr1	172500000	173000000	42.5502
Chr1	173000000	173500000	42.721599999999995
Chr1	173500000	174000000	42.231
Chr1	174000000	174500000	42.585
Chr1	174500000	175000000	42.683
Chr1	175000000	175500000	41.792
Chr1	175500000	176000000	42.644999999999996
Chr1	176000000	176500000	43.203399999999995
Chr1	176500000	177000000	43.0396
Chr1	177000000	177500000	42.7436
Chr1	177500000	178000000	43.362
Chr1	178000000	178500000	42.817
Chr1	178500000	179000000	42.6188
Chr1	179000000	179500000	42.6306
Chr1	179500000	180000000	43.014599999999994
Chr1	180000000	180500000	43.2204
Chr1	180500000	181000000	43.099199999999996
Chr1	181000000	181500000	41.6068
Chr1	181500000	182000000	43.0572
Chr1	182000000	182500000	42.4828
Chr1	182500000	183000000	42.4336
Chr1	183000000	183500000	43.0852
Chr1	183500000	184000000	41.3562
Chr1	184000000	184500000	41.3998
Chr1	184500000	185000000	41.0224
Chr1	185000000	185500000	42.532
Chr1	185500000	186000000	41.5676
Chr1	186000000	186500000	42.0274
Chr1	186500000	187000000	41.964
Chr1	187000000	187500000	42.737
Chr1	187500000	188000000	42.138
Chr1	188000000	188500000	42.1076
Chr1	188500000	189000000	42.1558
Chr1	189000000	189500000	42.0826
Chr1	189500000	190000000	41.8692
Chr1	190000000	190500000	41.7064
Chr1	190500000	191000000	41.171
Chr1	191000000	191500000	41.9808
Chr1	191500000	192000000	43.003
Chr1	192000000	192500000	43.351600000000005
Chr1	192500000	193000000	43.1332
Chr1	193000000	193500000	42.584
Chr1	193500000	194000000	41.9566
Chr1	194000000	194500000	42.82
Chr1	194500000	195000000	43.020599999999995
Chr1	195000000	195500000	42.6512
Chr1	195500000	196000000	43.2516
Chr1	196000000	196500000	43.2592
Chr1	196500000	197000000	43.059
Chr1	197000000	197500000	42.3764
Chr1	197500000	198000000	42.4002
Chr1	198000000	198500000	40.690599999999996
Chr1	198500000	199000000	41.873599999999996
Chr1	199000000	199500000	42.3174
Chr1	199500000	200000000	43.6768
Chr1	200000000	200500000	42.3242
Chr1	200500000	201000000	42.0036
Chr1	201000000	201500000	41.8746
Chr1	201500000	202000000	41.9726
Chr1	202000000	202500000	43.0038
Chr1	202500000	203000000	42.7314
Chr1	203000000	203500000	42.051
Chr1	203500000	204000000	42.1504
Chr1	204000000	204500000	42.6528
Chr1	204500000	205000000	42.6514
Chr1	205000000	205500000	42.7108
Chr1	205500000	206000000	42.2746
Chr1	206000000	206500000	42.8858
Chr1	206500000	207000000	41.9056
Chr1	207000000	207500000	42.836
Chr1	207500000	208000000	42.830400000000004
Chr1	208000000	208500000	42.431400000000004
Chr1	208500000	209000000	41.905
Chr1	209000000	209500000	41.970600000000005
Chr1	209500000	210000000	42.0576
Chr1	210000000	210500000	42.3466
Chr1	210500000	211000000	42.859
Chr1	211000000	211500000	42.069
Chr1	211500000	212000000	42.587
Chr1	212000000	212500000	42.2328
Chr1	212500000	213000000	41.842800000000004
Chr1	213000000	213500000	43.0716
Chr1	213500000	214000000	42.089999999999996
Chr1	214000000	214500000	41.9958
Chr1	214500000	215000000	42.7368
Chr1	215000000	215500000	42.5432
Chr1	215500000	216000000	42.680800000000005
Chr1	216000000	216500000	41.858200000000004
Chr1	216500000	217000000	41.7346
Chr1	217000000	217500000	42.185
Chr1	217500000	218000000	42.0808
Chr1	218000000	218500000	41.6448
Chr1	218500000	219000000	41.824
Chr1	219000000	219500000	41.9622
Chr1	219500000	220000000	42.1516
Chr1	220000000	220500000	42.160799999999995
Chr1	220500000	221000000	41.943200000000004
Chr1	221000000	221500000	41.531400000000005
Chr1	221500000	222000000	42.1512
Chr1	222000000	222500000	41.5284
Chr1	222500000	223000000	42.2028
Chr1	223000000	223500000	42.0138
Chr1	223500000	224000000	42.5794
Chr1	224000000	224500000	42.742799999999995
Chr1	224500000	225000000	43.028
Chr1	225000000	225500000	42.114200000000004
Chr1	225500000	226000000	42.6758
Chr1	226000000	226500000	42.9814
Chr1	226500000	227000000	42.226
Chr1	227000000	227500000	41.9838
Chr1	227500000	228000000	41.6316
Chr1	228000000	228500000	42.5106
Chr1	228500000	229000000	42.202400000000004
Chr1	229000000	229500000	42.730000000000004
Chr1	229500000	230000000	42.5228
Chr1	230000000	230500000	43.1028
Chr1	230500000	231000000	42.8666
Chr1	231000000	231500000	43.6978
Chr1	231500000	232000000	43.0554
Chr1	232000000	232500000	42.849399999999996
Chr1	232500000	233000000	43.6784
Chr1	233000000	233500000	42.9328
Chr1	233500000	234000000	43.9956
Chr1	234000000	234500000	43.8434
Chr1	234500000	235000000	44.744
Chr1	235000000	235500000	45.073800000000006
Chr1	235500000	236000000	45.589400000000005
Chr1	236000000	236500000	44.5928
Chr1	236500000	237000000	43.4824
Chr1	237000000	237500000	44.6862
Chr1	237500000	238000000	43.7934
Chr1	238000000	238500000	43.477
Chr1	238500000	239000000	44.4912
Chr1	239000000	239500000	43.3908
Chr1	239500000	240000000	43.4814
Chr1	240000000	240500000	44.1182
Chr1	240500000	241000000	43.3704
Chr1	241000000	241500000	43.7086
Chr1	241500000	242000000	44.544
Chr1	242000000	242500000	43.8786
Chr1	242500000	243000000	44.1262
Chr1	243000000	243500000	43.479800000000004
Chr1	243500000	244000000	42.452
Chr1	244000000	244500000	42.1012
Chr1	244500000	245000000	42.5822
Chr1	245000000	245500000	42.8498
Chr1	245500000	246000000	42.474000000000004
Chr1	246000000	246500000	42.1068
Chr1	246500000	247000000	42.7736
Chr1	247000000	247500000	42.6376
Chr1	247500000	248000000	42.2544
Chr1	248000000	248500000	43.4168
Chr1	248500000	249000000	43.0648
Chr1	249000000	249500000	43.3142
Chr1	249500000	250000000	42.120000000000005
Chr1	250000000	250500000	42.679
Chr1	250500000	251000000	42.0688
Chr1	251000000	251500000	42.4884
Chr1	251500000	252000000	41.6304
Chr1	252000000	252500000	41.4632
Chr1	252500000	253000000	40.6822
Chr1	253000000	253500000	41.8142
Chr1	253500000	254000000	42.4848
Chr1	254000000	254500000	42.7116
Chr1	254500000	255000000	43.0628
Chr1	255000000	255500000	41.8566
Chr1	255500000	256000000	41.4544
Chr1	256000000	256500000	42.5682
Chr1	256500000	257000000	42.0044
Chr1	257000000	257500000	41.3896
Chr1	257500000	258000000	41.9434
Chr1	258000000	258500000	42.0238
Chr1	258500000	259000000	42.605
Chr1	259000000	259500000	42.707
Chr1	259500000	260000000	41.3956
Chr1	260000000	260500000	41.8444
Chr1	260500000	261000000	42.5518
Chr1	261000000	261500000	41.327799999999996
Chr1	261500000	262000000	42.4338
Chr1	262000000	262500000	42.790800000000004
Chr1	262500000	263000000	42.275600000000004
Chr1	263000000	263500000	42.634
Chr1	263500000	264000000	42.3588
Chr1	264000000	264500000	41.8844
Chr1	264500000	265000000	42.7204
Chr1	265000000	265500000	41.6422
Chr1	265500000	266000000	41.592400000000005
Chr1	266000000	266500000	42.1126
Chr1	266500000	267000000	42.1016
Chr1	267000000	267500000	42.545
Chr1	267500000	268000000	43.1978
Chr1	268000000	268500000	41.3118
Chr1	268500000	269000000	42.2072
Chr1	269000000	269500000	41.7134
Chr1	269500000	270000000	42.098
Chr1	270000000	270500000	42.4016
Chr1	270500000	271000000	42.8522
Chr1	271000000	271500000	43.4074
Chr1	271500000	272000000	43.2552
Chr1	272000000	272500000	43.105
Chr1	272500000	273000000	42.5978
Chr1	273000000	273500000	42.8694
Chr1	273500000	274000000	43.1674
Chr1	274000000	274500000	42.4616
Chr1	274500000	275000000	43.477199999999996
Chr1	275000000	275500000	42.815999999999995
Chr1	275500000	276000000	43.5792
Chr1	276000000	276500000	43.2672
Chr1	276500000	277000000	44.112
Chr1	277000000	277500000	42.193799999999996
Chr1	277500000	278000000	42.515
Chr1	278000000	278500000	42.8814
Chr1	278500000	279000000	43.124
Chr1	279000000	279500000	42.187599999999996
Chr1	279500000	280000000	42.669200000000004
Chr1	280000000	280500000	43.339800000000004
Chr1	280500000	281000000	43.4834
Chr1	281000000	281500000	44.096000000000004
Chr1	281500000	282000000	42.086800000000004
Chr1	282000000	282500000	43.3764
Chr1	282500000	283000000	42.504799999999996
Chr1	283000000	283500000	42.7954
Chr1	283500000	284000000	41.950199999999995
Chr1	284000000	284500000	43.5396
Chr1	284500000	285000000	43.3446
Chr1	285000000	285500000	43.1742
Chr1	285500000	286000000	44.0874
Chr1	286000000	286500000	43.808
Chr1	286500000	287000000	44.5436
Chr1	287000000	287500000	43.444
Chr1	287500000	288000000	42.451
Chr1	288000000	288500000	42.8598
Chr1	288500000	289000000	42.6638
Chr1	289000000	289500000	41.922599999999996
Chr1	289500000	290000000	42.3002
Chr1	290000000	290500000	42.7268
Chr1	290500000	291000000	44.939800000000005
Chr1	291000000	291500000	43.3322
Chr1	291500000	292000000	43.892399999999995
Chr1	292000000	292500000	44.6738
Chr1	292500000	293000000	43.4834
Chr1	293000000	293500000	43.7066
Chr1	293500000	294000000	44.0212
Chr1	294000000	294500000	42.629
Chr1	294500000	295000000	43.8622
Chr1	295000000	295500000	44.9264
Chr1	295500000	296000000	45.806000000000004
Chr1	296000000	296500000	46.8088
Chr1	296500000	297000000	47.7682
Chr1	297000000	297500000	48.1436
Chr1	297500000	297744077	47.403073620210016
Chr2	0	500000	54.5218
Chr2	500000	1000000	52.7822
Chr2	1000000	1500000	50.2138
Chr2	1500000	2000000	49.4124
Chr2	2000000	2500000	46.5364
Chr2	2500000	3000000	45.849000000000004
Chr2	3000000	3500000	44.8784
Chr2	3500000	4000000	45.486399999999996
Chr2	4000000	4500000	45.3202
Chr2	4500000	5000000	45.2542
Chr2	5000000	5500000	45.2692
Chr2	5500000	6000000	44.824999999999996
Chr2	6000000	6500000	45.000800000000005
Chr2	6500000	7000000	44.9366
Chr2	7000000	7500000	44.9058
Chr2	7500000	8000000	44.323
Chr2	8000000	8500000	43.5414
Chr2	8500000	9000000	43.5896
Chr2	9000000	9500000	44.607
Chr2	9500000	10000000	43.647000000000006
Chr2	10000000	10500000	43.1944
Chr2	10500000	11000000	43.6028
Chr2	11000000	11500000	41.4048
Chr2	11500000	12000000	42.897200000000005
Chr2	12000000	12500000	43.641000000000005
Chr2	12500000	13000000	42.6894
Chr2	13000000	13500000	42.775
Chr2	13500000	14000000	43.0642
Chr2	14000000	14500000	42.8172
Chr2	14500000	15000000	43.0986
Chr2	15000000	15500000	42.0664
Chr2	15500000	16000000	42.077
Chr2	16000000	16500000	42.8092
Chr2	16500000	17000000	43.355
Chr2	17000000	17500000	43.138
Chr2	17500000	18000000	44.069599999999994
Chr2	18000000	18500000	42.403400000000005
Chr2	18500000	19000000	42.5708
Chr2	19000000	19500000	43.307
Chr2	19500000	20000000	42.5734
Chr2	20000000	20500000	42.687999999999995
Chr2	20500000	21000000	42.0036
Chr2	21000000	21500000	42.743199999999995
Chr2	21500000	22000000	42.8072
Chr2	22000000	22500000	42.59
Chr2	22500000	23000000	42.904199999999996
Chr2	23000000	23500000	42.733
Chr2	23500000	24000000	42.4294
Chr2	24000000	24500000	41.997800000000005
Chr2	24500000	25000000	43.1536
Chr2	25000000	25500000	41.6956
Chr2	25500000	26000000	40.888000000000005
Chr2	26000000	26500000	42.898399999999995
Chr2	26500000	27000000	42.7974
Chr2	27000000	27500000	42.693
Chr2	27500000	28000000	41.828199999999995
Chr2	28000000	28500000	42.5774
Chr2	28500000	29000000	42.265
Chr2	29000000	29500000	42.1988
Chr2	29500000	30000000	42.9472
Chr2	30000000	30500000	43.0844
Chr2	30500000	31000000	41.7392
Chr2	31000000	31500000	41.4722
Chr2	31500000	32000000	42.0124
Chr2	32000000	32500000	41.8548
Chr2	32500000	33000000	42.2842
Chr2	33000000	33500000	42.8126
Chr2	33500000	34000000	43.068200000000004
Chr2	34000000	34500000	42.1386
Chr2	34500000	35000000	42.091
Chr2	35000000	35500000	42.721399999999996
Chr2	35500000	36000000	41.5056
Chr2	36000000	36500000	41.9196
Chr2	36500000	37000000	42.0618
Chr2	37000000	37500000	42.579
Chr2	37500000	38000000	40.2868
Chr2	38000000	38500000	41.8612
Chr2	38500000	39000000	42.2288
Chr2	39000000	39500000	42.9822
Chr2	39500000	40000000	43.2252
Chr2	40000000	40500000	42.703
Chr2	40500000	41000000	41.965599999999995
Chr2	41000000	41500000	42.2006
Chr2	41500000	42000000	42.1522
Chr2	42000000	42500000	41.9134
Chr2	42500000	43000000	41.8792
Chr2	43000000	43500000	40.7498
Chr2	43500000	44000000	41.9266
Chr2	44000000	44500000	42.9932
Chr2	44500000	45000000	43.135200000000005
Chr2	45000000	45500000	41.7004
Chr2	45500000	46000000	41.9186
Chr2	46000000	46500000	42.5294
Chr2	46500000	47000000	41.9364
Chr2	47000000	47500000	42.8024
Chr2	47500000	48000000	42.4184
Chr2	48000000	48500000	41.1842
Chr2	48500000	49000000	42.5614
Chr2	49000000	49500000	42.1018
Chr2	49500000	50000000	41.5018
Chr2	50000000	50500000	41.9012
Chr2	50500000	51000000	42.3294
Chr2	51000000	51500000	42.1564
Chr2	51500000	52000000	42.43
Chr2	52000000	52500000	42.165
Chr2	52500000	53000000	41.7642
Chr2	53000000	53500000	42.3082
Chr2	53500000	54000000	42.411
Chr2	54000000	54500000	43.2758
Chr2	54500000	55000000	42.482
Chr2	55000000	55500000	42.5574
Chr2	55500000	56000000	42.1022
Chr2	56000000	56500000	42.312
Chr2	56500000	57000000	42.205
Chr2	57000000	57500000	42.4418
Chr2	57500000	58000000	41.744
Chr2	58000000	58500000	42.6956
Chr2	58500000	59000000	42.309999999999995
Chr2	59000000	59500000	41.9918
Chr2	59500000	60000000	42.3852
Chr2	60000000	60500000	42.611399999999996
Chr2	60500000	61000000	42.1496
Chr2	61000000	61500000	42.998999999999995
Chr2	61500000	62000000	42.070800000000006
Chr2	62000000	62500000	42.0672
Chr2	62500000	63000000	42.2018
Chr2	63000000	63500000	42.5894
Chr2	63500000	64000000	42.5446
Chr2	64000000	64500000	42.091
Chr2	64500000	65000000	42.3866
Chr2	65000000	65500000	42.1014
Chr2	65500000	66000000	43.0378
Chr2	66000000	66500000	42.4118
Chr2	66500000	67000000	41.9276
Chr2	67000000	67500000	42.344
Chr2	67500000	68000000	42.107
Chr2	68000000	68500000	42.8682
Chr2	68500000	69000000	40.65
Chr2	69000000	69500000	41.7602
Chr2	69500000	70000000	41.788599999999995
Chr2	70000000	70500000	42.4078
Chr2	70500000	71000000	42.852000000000004
Chr2	71000000	71500000	42.4062
Chr2	71500000	72000000	42.025
Chr2	72000000	72500000	41.787800000000004
Chr2	72500000	73000000	41.0648
Chr2	73000000	73500000	42.2602
Chr2	73500000	74000000	41.5154
Chr2	74000000	74500000	42.0834
Chr2	74500000	75000000	41.602
Chr2	75000000	75500000	43.2984
Chr2	75500000	76000000	42.4134
Chr2	76000000	76500000	43.0344
Chr2	76500000	77000000	43.4686
Chr2	77000000	77500000	42.4424
Chr2	77500000	78000000	43.0578
Chr2	78000000	78500000	42.8018
Chr2	78500000	79000000	43.9726
Chr2	79000000	79500000	43.6712
Chr2	79500000	80000000	43.513600000000004
Chr2	80000000	80500000	43.014599999999994
Chr2	80500000	81000000	42.7774
Chr2	81000000	81500000	42.092200000000005
Chr2	81500000	82000000	44.2856
Chr2	82000000	82500000	43.5084
Chr2	82500000	83000000	43.581199999999995
Chr2	83000000	83500000	42.943999999999996
Chr2	83500000	84000000	42.681000000000004
Chr2	84000000	84500000	42.7342
Chr2	84500000	85000000	42.540800000000004
Chr2	85000000	85500000	42.6168
Chr2	85500000	86000000	42.8286
Chr2	86000000	86500000	41.6384
Chr2	86500000	87000000	42.3338
Chr2	87000000	87500000	42.99
Chr2	87500000	88000000	44.0738
Chr2	88000000	88500000	44.346799999999995
Chr2	88500000	89000000	44.7098
Chr2	89000000	89500000	42.0474
Chr2	89500000	90000000	43.9544
Chr2	90000000	90500000	42.932199999999995
Chr2	90500000	91000000	43.361
Chr2	91000000	91500000	44.1562
Chr2	91500000	92000000	43.0326
Chr2	92000000	92500000	39.611000000000004
Chr2	92500000	93000000	38.5512
Chr2	93000000	93500000	42.1452
Chr2	93500000	94000000	42.9878
Chr2	94000000	94500000	42.8208
Chr2	94500000	95000000	40.8332
Chr2	95000000	95500000	39.005
Chr2	95500000	96000000	43.6236
Chr2	96000000	96500000	43.6624
Chr2	96500000	97000000	44.112
Chr2	97000000	97500000	44.1812
Chr2	97500000	98000000	44.2102
Chr2	98000000	98500000	43.491
Chr2	98500000	99000000	43.3294
Chr2	99000000	99500000	43.4608
Chr2	99500000	100000000	42.5332
Chr2	100000000	100500000	42.2082
Chr2	100500000	101000000	42.687799999999996
Chr2	101000000	101500000	43.2264
Chr2	101500000	102000000	42.5536
Chr2	102000000	102500000	43.5454
Chr2	102500000	103000000	43.8932
Chr2	103000000	103500000	44.735
Chr2	103500000	104000000	44.9672
Chr2	104000000	104500000	44.785599999999995
Chr2	104500000	105000000	44.5294
Chr2	105000000	105500000	43.6092
Chr2	105500000	106000000	44.065799999999996
Chr2	106000000	106500000	44.252399999999994
Chr2	106500000	107000000	45.0188
Chr2	107000000	107500000	44.059799999999996
Chr2	107500000	108000000	44.1268
Chr2	108000000	108500000	44.701
Chr2	108500000	109000000	45.0156
Chr2	109000000	109500000	45.124399999999994
Chr2	109500000	110000000	44.8958
Chr2	110000000	110500000	45.1854
Chr2	110500000	111000000	44.9476
Chr2	111000000	111500000	44.906
Chr2	111500000	112000000	45.1032
Chr2	112000000	112500000	45.0614
Chr2	112500000	113000000	44.6258
Chr2	113000000	113500000	44.3778
Chr2	113500000	114000000	43.6712
Chr2	114000000	114500000	43.462
Chr2	114500000	115000000	44.352799999999995
Chr2	115000000	115500000	44.5728
Chr2	115500000	116000000	44.2892
Chr2	116000000	116500000	44.438
Chr2	116500000	117000000	44.099199999999996
Chr2	117000000	117500000	43.8824
Chr2	117500000	118000000	44.4536
Chr2	118000000	118500000	43.4352
Chr2	118500000	119000000	44.3786
Chr2	119000000	119500000	43.6034
Chr2	119500000	120000000	44.7656
Chr2	120000000	120500000	45.651799999999994
Chr2	120500000	121000000	44.306200000000004
Chr2	121000000	121500000	43.3726
Chr2	121500000	122000000	43.049
Chr2	122000000	122500000	43.763000000000005
Chr2	122500000	123000000	43.791999999999994
Chr2	123000000	123500000	44.3408
Chr2	123500000	124000000	43.5494
Chr2	124000000	124500000	43.573
Chr2	124500000	125000000	40.016400000000004
Chr2	125000000	125500000	41.0852
Chr2	125500000	126000000	42.6548
Chr2	126000000	126500000	43.443799999999996
Chr2	126500000	127000000	43.0738
Chr2	127000000	127500000	42.059999999999995
Chr2	127500000	128000000	43.5818
Chr2	128000000	128500000	43.9176
Chr2	128500000	129000000	43.3276
Chr2	129000000	129500000	42.776599999999995
Chr2	129500000	130000000	43.547200000000004
Chr2	130000000	130500000	43.2714
Chr2	130500000	131000000	44.1194
Chr2	131000000	131500000	44.007200000000005
Chr2	131500000	132000000	44.7408
Chr2	132000000	132500000	43.5602
Chr2	132500000	133000000	43.7594
Chr2	133000000	133500000	45.1488
Chr2	133500000	134000000	44.9706
Chr2	134000000	134500000	43.6274
Chr2	134500000	135000000	46.2474
Chr2	135000000	135500000	43.541000000000004
Chr2	135500000	136000000	41.721799999999995
Chr2	136000000	136500000	42.1302
Chr2	136500000	137000000	41.809200000000004
Chr2	137000000	137500000	42.9054
Chr2	137500000	138000000	43.6776
Chr2	138000000	138500000	42.851800000000004
Chr2	138500000	139000000	43.0226
Chr2	139000000	139500000	42.7462
Chr2	139500000	140000000	43.2046
Chr2	140000000	140500000	42.6406
Chr2	140500000	141000000	43.9332
Chr2	141000000	141500000	44.443599999999996
Chr2	141500000	142000000	43.6618
Chr2	142000000	142500000	44.968
Chr2	142500000	143000000	43.3344
Chr2	143000000	143500000	42.0858
Chr2	143500000	144000000	43.9146
Chr2	144000000	144500000	44.785000000000004
Chr2	144500000	145000000	43.9972
Chr2	145000000	145500000	44.1504
Chr2	145500000	146000000	44.5568
Chr2	146000000	146500000	43.2638
Chr2	146500000	147000000	42.8288
Chr2	147000000	147500000	42.330400000000004
Chr2	147500000	148000000	44.0982
Chr2	148000000	148500000	43.361
Chr2	148500000	149000000	42.828
Chr2	149000000	149500000	43.274
Chr2	149500000	150000000	43.896
Chr2	150000000	150500000	42.6104
Chr2	150500000	151000000	42.909000000000006
Chr2	151000000	151500000	43.1838
Chr2	151500000	152000000	43.2616
Chr2	152000000	152500000	43.7578
Chr2	152500000	153000000	43.6054
Chr2	153000000	153500000	43.314
Chr2	153500000	154000000	43.0058
Chr2	154000000	154500000	42.349199999999996
Chr2	154500000	155000000	41.9652
Chr2	155000000	155500000	42.5448
Chr2	155500000	156000000	43.6022
Chr2	156000000	156500000	42.8504
Chr2	156500000	157000000	43.8474
Chr2	157000000	157500000	43.396
Chr2	157500000	158000000	43.419799999999995
Chr2	158000000	158500000	43.8564
Chr2	158500000	159000000	43.0024
Chr2	159000000	159500000	43.6174
Chr2	159500000	160000000	44.3838
Chr2	160000000	160500000	44.473400000000005
Chr2	160500000	161000000	43.445
Chr2	161000000	161500000	44.270199999999996
Chr2	161500000	162000000	43.1718
Chr2	162000000	162500000	42.617
Chr2	162500000	163000000	42.9058
Chr2	163000000	163500000	42.8014
Chr2	163500000	164000000	42.6408
Chr2	164000000	164500000	42.230000000000004
Chr2	164500000	165000000	41.8572
Chr2	165000000	165500000	41.9028
Chr2	165500000	166000000	41.3962
Chr2	166000000	166500000	41.238
Chr2	166500000	167000000	41.1592
Chr2	167000000	167500000	41.8016
Chr2	167500000	168000000	41.794599999999996
Chr2	168000000	168500000	42.1434
Chr2	168500000	169000000	42.6326
Chr2	169000000	169500000	43.1272
Chr2	169500000	170000000	43.4844
Chr2	170000000	170500000	42.415000000000006
Chr2	170500000	171000000	43.141400000000004
Chr2	171000000	171500000	43.0392
Chr2	171500000	172000000	42.770599999999995
Chr2	172000000	172500000	43.148199999999996
Chr2	172500000	173000000	42.3602
Chr2	173000000	173500000	42.173
Chr2	173500000	174000000	42.807
Chr2	174000000	174500000	42.7542
Chr2	174500000	175000000	42.1452
Chr2	175000000	175500000	42.3872
Chr2	175500000	176000000	41.997
Chr2	176000000	176500000	42.5146
Chr2	176500000	177000000	42.4846
Chr2	177000000	177500000	41.6822
Chr2	177500000	178000000	42.269600000000004
Chr2	178000000	178500000	42.580600000000004
Chr2	178500000	179000000	43.2346
Chr2	179000000	179500000	42.0836
Chr2	179500000	180000000	42.2796
Chr2	180000000	180500000	42.5732
Chr2	180500000	181000000	42.126999999999995
Chr2	181000000	181500000	41.967999999999996
Chr2	181500000	182000000	42.095
Chr2	182000000	182500000	41.6034
Chr2	182500000	183000000	42.391400000000004
Chr2	183000000	183500000	42.5578
Chr2	183500000	184000000	42.4892
Chr2	184000000	184500000	42.9018
Chr2	184500000	185000000	43.1648
Chr2	185000000	185500000	43.2208
Chr2	185500000	186000000	42.6806
Chr2	186000000	186500000	43.625
Chr2	186500000	187000000	42.693999999999996
Chr2	187000000	187500000	43.3484
Chr2	187500000	188000000	42.727199999999996
Chr2	188000000	188500000	42.2922
Chr2	188500000	189000000	41.976400000000005
Chr2	189000000	189500000	42.663000000000004
Chr2	189500000	190000000	41.8962
Chr2	190000000	190500000	43.3006
Chr2	190500000	191000000	44.230000000000004
Chr2	191000000	191500000	45.071600000000004
Chr2	191500000	192000000	45.062799999999996
Chr2	192000000	192500000	44.9244
Chr2	192500000	193000000	43.3102
Chr2	193000000	193500000	44.111
Chr2	193500000	194000000	42.855399999999996
Chr2	194000000	194500000	43.1216
Chr2	194500000	195000000	43.348
Chr2	195000000	195500000	44.0302
Chr2	195500000	196000000	43.7538
Chr2	196000000	196500000	42.853
Chr2	196500000	197000000	43.0298
Chr2	197000000	197500000	42.4174
Chr2	197500000	198000000	43.0126
Chr2	198000000	198500000	43.3872
Chr2	198500000	199000000	43.8658
Chr2	199000000	199500000	43.5214
Chr2	199500000	200000000	43.134
Chr2	200000000	200500000	41.356
Chr2	200500000	201000000	42.3326
Chr2	201000000	201500000	41.749399999999994
Chr2	201500000	202000000	42.1426
Chr2	202000000	202500000	41.9344
Chr2	202500000	203000000	42.532399999999996
Chr2	203000000	203500000	42.1776
Chr2	203500000	204000000	42.044
Chr2	204000000	204500000	41.4436
Chr2	204500000	205000000	41.3842
Chr2	205000000	205500000	42.817
Chr2	205500000	206000000	42.3322
Chr2	206000000	206500000	42.4138
Chr2	206500000	207000000	42.086400000000005
Chr2	207000000	207500000	42.101
Chr2	207500000	208000000	41.105599999999995
Chr2	208000000	208500000	42.4546
Chr2	208500000	209000000	41.1396
Chr2	209000000	209500000	42.035
Chr2	209500000	210000000	41.792
Chr2	210000000	210500000	43.0664
Chr2	210500000	211000000	44.196400000000004
Chr2	211000000	211500000	43.5432
Chr2	211500000	212000000	42.5448
Chr2	212000000	212500000	43.0496
Chr2	212500000	213000000	42.9696
Chr2	213000000	213500000	43.505
Chr2	213500000	214000000	43.4062
Chr2	214000000	214500000	43.5278
Chr2	214500000	215000000	43.416199999999996
Chr2	215000000	215500000	42.5536
Chr2	215500000	216000000	43.5226
Chr2	216000000	216500000	42.5002
Chr2	216500000	217000000	42.4812
Chr2	217000000	217500000	43.0078
Chr2	217500000	218000000	43.2994
Chr2	218000000	218500000	42.5118
Chr2	218500000	219000000	43.3936
Chr2	219000000	219500000	42.9012
Chr2	219500000	220000000	42.0304
Chr2	220000000	220500000	42.6434
Chr2	220500000	221000000	41.9182
Chr2	221000000	221500000	42.5538
Chr2	221500000	222000000	42.595
Chr2	222000000	222500000	42.6678
Chr2	222500000	223000000	43.154199999999996
Chr2	223000000	223500000	42.6962
Chr2	223500000	224000000	42.4568
Chr2	224000000	224500000	43.284
Chr2	224500000	225000000	42.2444
Chr2	225000000	225500000	41.2984
Chr2	225500000	226000000	42.3078
Chr2	226000000	226500000	42.851800000000004
Chr2	226500000	227000000	43.1178
Chr2	227000000	227500000	43.313
Chr2	227500000	228000000	43.3534
Chr2	228000000	228500000	42.831599999999995
Chr2	228500000	229000000	41.967999999999996
Chr2	229000000	229500000	42.894
Chr2	229500000	230000000	42.6834
Chr2	230000000	230500000	43.2122
Chr2	230500000	231000000	42.4112
Chr2	231000000	231500000	41.5772
Chr2	231500000	232000000	42.7352
Chr2	232000000	232500000	42.7136
Chr2	232500000	233000000	43.812
Chr2	233000000	233500000	43.4282
Chr2	233500000	234000000	43.4848
Chr2	234000000	234500000	45.1462
Chr2	234500000	235000000	45.1352
Chr2	235000000	235500000	45.0698
Chr2	235500000	236000000	44.7984
Chr2	236000000	236500000	45.2278
Chr2	236500000	237000000	44.274
Chr2	237000000	237500000	45.9484
Chr2	237500000	238000000	44.6484
Chr2	238000000	238500000	44.724199999999996
Chr2	238500000	239000000	45.4794
Chr2	239000000	239500000	45.2736
Chr2	239500000	240000000	45.401399999999995
Chr2	240000000	240500000	45.4538
Chr2	240500000	241000000	45.4778
Chr2	241000000	241500000	46.7958
Chr2	241500000	242000000	45.1442
Chr2	242000000	242500000	46.248
Chr2	242500000	243000000	46.861399999999996
Chr2	243000000	243500000	46.5458
Chr2	243500000	244000000	46.311600000000006
Chr2	244000000	244500000	46.206199999999995
Chr2	244500000	245000000	45.9504
Chr2	245000000	245500000	46.713
Chr2	245500000	246000000	46.688
Chr2	246000000	246500000	47.2844
Chr2	246500000	247000000	46.5724
Chr2	247000000	247500000	47.1006
Chr2	247500000	248000000	47.7788
Chr2	248000000	248500000	47.5938
Chr2	248500000	249000000	48.5084
Chr2	249000000	249500000	49.4142
Chr2	249500000	250000000	49.446
Chr2	250000000	250500000	49.1524
Chr2	250500000	251000000	49.520199999999996
Chr2	251000000	251500000	50.477799999999995
Chr2	251500000	252000000	53.410999999999994
Chr2	252000000	252310368	55.05238942158985
Chr3	0	500000	52.3694
Chr3	500000	1000000	52.035399999999996
Chr3	1000000	1500000	50.456
Chr3	1500000	2000000	48.354
Chr3	2000000	2500000	48.4332
Chr3	2500000	3000000	46.5766
Chr3	3000000	3500000	47.050399999999996
Chr3	3500000	4000000	47.5464
Chr3	4000000	4500000	46.330799999999996
Chr3	4500000	5000000	45.9918
Chr3	5000000	5500000	47.1444
Chr3	5500000	6000000	47.63
Chr3	6000000	6500000	45.5366
Chr3	6500000	7000000	43.7726
Chr3	7000000	7500000	44.725
Chr3	7500000	8000000	42.8826
Chr3	8000000	8500000	43.108000000000004
Chr3	8500000	9000000	43.7128
Chr3	9000000	9500000	44.1046
Chr3	9500000	10000000	43.3174
Chr3	10000000	10500000	43.114999999999995
Chr3	10500000	11000000	43.0574
Chr3	11000000	11500000	43.6862
Chr3	11500000	12000000	42.7962
Chr3	12000000	12500000	42.770799999999994
Chr3	12500000	13000000	43.032399999999996
Chr3	13000000	13500000	41.910799999999995
Chr3	13500000	14000000	42.8274
Chr3	14000000	14500000	43.0694
Chr3	14500000	15000000	42.54
Chr3	15000000	15500000	42.8224
Chr3	15500000	16000000	42.8136
Chr3	16000000	16500000	43.01
Chr3	16500000	17000000	42.4678
Chr3	17000000	17500000	41.9008
Chr3	17500000	18000000	41.3396
Chr3	18000000	18500000	42.3922
Chr3	18500000	19000000	42.8612
Chr3	19000000	19500000	43.324600000000004
Chr3	19500000	20000000	42.2452
Chr3	20000000	20500000	42.048
Chr3	20500000	21000000	41.7736
Chr3	21000000	21500000	42.6372
Chr3	21500000	22000000	42.2902
Chr3	22000000	22500000	41.8836
Chr3	22500000	23000000	42.5626
Chr3	23000000	23500000	42.6264
Chr3	23500000	24000000	42.0822
Chr3	24000000	24500000	42.2702
Chr3	24500000	25000000	41.144999999999996
Chr3	25000000	25500000	41.1924
Chr3	25500000	26000000	42.2534
Chr3	26000000	26500000	41.9578
Chr3	26500000	27000000	42.415000000000006
Chr3	27000000	27500000	42.209799999999994
Chr3	27500000	28000000	42.4154
Chr3	28000000	28500000	43.0376
Chr3	28500000	29000000	42.003800000000005
Chr3	29000000	29500000	41.949
Chr3	29500000	30000000	41.902
Chr3	30000000	30500000	41.8414
Chr3	30500000	31000000	40.882400000000004
Chr3	31000000	31500000	42.3534
Chr3	31500000	32000000	42.1704
Chr3	32000000	32500000	41.7792
Chr3	32500000	33000000	41.909400000000005
Chr3	33000000	33500000	42.6396
Chr3	33500000	34000000	42.452600000000004
Chr3	34000000	34500000	43.276199999999996
Chr3	34500000	35000000	42.9756
Chr3	35000000	35500000	43.4552
Chr3	35500000	36000000	43.447
Chr3	36000000	36500000	43.0228
Chr3	36500000	37000000	42.3804
Chr3	37000000	37500000	41.5792
Chr3	37500000	38000000	43.028800000000004
Chr3	38000000	38500000	42.1894
Chr3	38500000	39000000	41.6136
Chr3	39000000	39500000	42.891600000000004
Chr3	39500000	40000000	42.5954
Chr3	40000000	40500000	45.1664
Chr3	40500000	41000000	44.351
Chr3	41000000	41500000	43.056
Chr3	41500000	42000000	43.081399999999995
Chr3	42000000	42500000	43.0362
Chr3	42500000	43000000	43.5986
Chr3	43000000	43500000	42.5722
Chr3	43500000	44000000	42.1076
Chr3	44000000	44500000	42.2356
Chr3	44500000	45000000	42.4002
Chr3	45000000	45500000	42.1512
Chr3	45500000	46000000	42.5336
Chr3	46000000	46500000	42.9434
Chr3	46500000	47000000	42.619800000000005
Chr3	47000000	47500000	41.928599999999996
Chr3	47500000	48000000	41.9654
Chr3	48000000	48500000	42.4326
Chr3	48500000	49000000	41.254400000000004
Chr3	49000000	49500000	41.2118
Chr3	49500000	50000000	41.4528
Chr3	50000000	50500000	41.639199999999995
Chr3	50500000	51000000	40.9416
Chr3	51000000	51500000	41.6166
Chr3	51500000	52000000	42.2318
Chr3	52000000	52500000	43.0334
Chr3	52500000	53000000	41.9494
Chr3	53000000	53500000	42.2652
Chr3	53500000	54000000	41.654
Chr3	54000000	54500000	42.227
Chr3	54500000	55000000	41.9538
Chr3	55000000	55500000	41.5454
Chr3	55500000	56000000	42.3984
Chr3	56000000	56500000	42.1352
Chr3	56500000	57000000	42.2676
Chr3	57000000	57500000	41.6836
Chr3	57500000	58000000	41.3444
Chr3	58000000	58500000	42.0218
Chr3	58500000	59000000	41.334199999999996
Chr3	59000000	59500000	41.5716
Chr3	59500000	60000000	42.0458
Chr3	60000000	60500000	41.247
Chr3	60500000	61000000	41.5576
Chr3	61000000	61500000	42.0068
Chr3	61500000	62000000	42.6286
Chr3	62000000	62500000	42.416
Chr3	62500000	63000000	42.0738
Chr3	63000000	63500000	42.0604
Chr3	63500000	64000000	41.498400000000004
Chr3	64000000	64500000	42.345
Chr3	64500000	65000000	41.4806
Chr3	65000000	65500000	42.333
Chr3	65500000	66000000	41.6844
Chr3	66000000	66500000	42.297000000000004
Chr3	66500000	67000000	42.782599999999995
Chr3	67000000	67500000	43.1742
Chr3	67500000	68000000	44.0246
Chr3	68000000	68500000	42.274
Chr3	68500000	69000000	42.5626
Chr3	69000000	69500000	41.977599999999995
Chr3	69500000	70000000	41.6636
Chr3	70000000	70500000	42.057
Chr3	70500000	71000000	42.7932
Chr3	71000000	71500000	42.5664
Chr3	71500000	72000000	42.5174
Chr3	72000000	72500000	43.1406
Chr3	72500000	73000000	43.026599999999995
Chr3	73000000	73500000	42.8718
Chr3	73500000	74000000	42.1398
Chr3	74000000	74500000	42.6346
Chr3	74500000	75000000	43.0296
Chr3	75000000	75500000	41.8264
Chr3	75500000	76000000	42.342400000000005
Chr3	76000000	76500000	42.7196
Chr3	76500000	77000000	42.824200000000005
Chr3	77000000	77500000	42.6828
Chr3	77500000	78000000	42.3346
Chr3	78000000	78500000	42.2642
Chr3	78500000	79000000	42.4254
Chr3	79000000	79500000	42.643
Chr3	79500000	80000000	42.2138
Chr3	80000000	80500000	43.5614
Chr3	80500000	81000000	43.014799999999994
Chr3	81000000	81500000	42.159600000000005
Chr3	81500000	82000000	42.3478
Chr3	82000000	82500000	41.9032
Chr3	82500000	83000000	42.148799999999994
Chr3	83000000	83500000	42.9886
Chr3	83500000	84000000	42.5162
Chr3	84000000	84500000	42.904199999999996
Chr3	84500000	85000000	43.2638
Chr3	85000000	85500000	42.9024
Chr3	85500000	86000000	42.544399999999996
Chr3	86000000	86500000	42.870999999999995
Chr3	86500000	87000000	42.2416
Chr3	87000000	87500000	43.3228
Chr3	87500000	88000000	43.8868
Chr3	88000000	88500000	42.4282
Chr3	88500000	89000000	41.967999999999996
Chr3	89000000	89500000	42.109
Chr3	89500000	90000000	41.7444
Chr3	90000000	90500000	43.0792
Chr3	90500000	91000000	41.693999999999996
Chr3	91000000	91500000	42.0566
Chr3	91500000	92000000	42.0888
Chr3	92000000	92500000	42.663000000000004
Chr3	92500000	93000000	44.1738
Chr3	93000000	93500000	43.4762
Chr3	93500000	94000000	42.538
Chr3	94000000	94500000	43.6156
Chr3	94500000	95000000	42.952400000000004
Chr3	95000000	95500000	42.1528
Chr3	95500000	96000000	42.2036
Chr3	96000000	96500000	43.3448
Chr3	96500000	97000000	42.5572
Chr3	97000000	97500000	43.2828
Chr3	97500000	98000000	42.5672
Chr3	98000000	98500000	42.0772
Chr3	98500000	99000000	42.696
Chr3	99000000	99500000	43.9092
Chr3	99500000	100000000	43.5616
Chr3	100000000	100500000	43.469
Chr3	100500000	101000000	42.9848
Chr3	101000000	101500000	42.681999999999995
Chr3	101500000	102000000	42.7934
Chr3	102000000	102500000	43.0282
Chr3	102500000	103000000	42.9328
Chr3	103000000	103500000	42.2936
Chr3	103500000	104000000	43.3004
Chr3	104000000	104500000	42.8142
Chr3	104500000	105000000	43.028
Chr3	105000000	105500000	42.052800000000005
Chr3	105500000	106000000	42.5276
Chr3	106000000	106500000	42.7984
Chr3	106500000	107000000	42.430800000000005
Chr3	107000000	107500000	42.3268
Chr3	107500000	108000000	41.9532
Chr3	108000000	108500000	41.825
Chr3	108500000	109000000	42.0578
Chr3	109000000	109500000	41.9388
Chr3	109500000	110000000	42.5204
Chr3	110000000	110500000	41.6436
Chr3	110500000	111000000	42.0714
Chr3	111000000	111500000	41.8896
Chr3	111500000	112000000	42.338
Chr3	112000000	112500000	42.634
Chr3	112500000	113000000	42.2104
Chr3	113000000	113500000	42.3534
Chr3	113500000	114000000	42.3452
Chr3	114000000	114500000	42.568
Chr3	114500000	115000000	42.4544
Chr3	115000000	115500000	42.587
Chr3	115500000	116000000	42.836600000000004
Chr3	116000000	116500000	43.2446
Chr3	116500000	117000000	42.5104
Chr3	117000000	117500000	42.753
Chr3	117500000	118000000	42.494
Chr3	118000000	118500000	42.507
Chr3	118500000	119000000	42.439
Chr3	119000000	119500000	43.915
Chr3	119500000	120000000	42.257
Chr3	120000000	120500000	43.270199999999996
Chr3	120500000	121000000	41.989
Chr3	121000000	121500000	41.561
Chr3	121500000	122000000	42.687799999999996
Chr3	122000000	122500000	41.8228
Chr3	122500000	123000000	42.178
Chr3	123000000	123500000	42.735800000000005
Chr3	123500000	124000000	42.6468
Chr3	124000000	124500000	42.6422
Chr3	124500000	125000000	42.794399999999996
Chr3	125000000	125500000	42.1378
Chr3	125500000	126000000	42.827
Chr3	126000000	126500000	41.5546
Chr3	126500000	127000000	42.892799999999994
Chr3	127000000	127500000	41.43
Chr3	127500000	128000000	41.9946
Chr3	128000000	128500000	42.1224
Chr3	128500000	129000000	42.4352
Chr3	129000000	129500000	41.7398
Chr3	129500000	130000000	43.3426
Chr3	130000000	130500000	42.1188
Chr3	130500000	131000000	42.0572
Chr3	131000000	131500000	42.052800000000005
Chr3	131500000	132000000	42.393
Chr3	132000000	132500000	41.5092
Chr3	132500000	133000000	41.6446
Chr3	133000000	133500000	42.7308
Chr3	133500000	134000000	42.565999999999995
Chr3	134000000	134500000	41.6094
Chr3	134500000	135000000	41.9486
Chr3	135000000	135500000	42.3328
Chr3	135500000	136000000	42.0422
Chr3	136000000	136500000	41.5888
Chr3	136500000	137000000	42.576
Chr3	137000000	137500000	42.3574
Chr3	137500000	138000000	42.839
Chr3	138000000	138500000	41.9204
Chr3	138500000	139000000	41.571200000000005
Chr3	139000000	139500000	42.1094
Chr3	139500000	140000000	41.5464
Chr3	140000000	140500000	41.676
Chr3	140500000	141000000	41.995
Chr3	141000000	141500000	42.2876
Chr3	141500000	142000000	42.430800000000005
Chr3	142000000	142500000	42.3592
Chr3	142500000	143000000	42.3068
Chr3	143000000	143500000	41.7076
Chr3	143500000	144000000	40.967
Chr3	144000000	144500000	41.629599999999996
Chr3	144500000	145000000	42.3166
Chr3	145000000	145500000	41.9338
Chr3	145500000	146000000	41.749399999999994
Chr3	146000000	146500000	42.5482
Chr3	146500000	147000000	41.5222
Chr3	147000000	147500000	40.9988
Chr3	147500000	148000000	42.073
Chr3	148000000	148500000	40.4744
Chr3	148500000	149000000	40.8362
Chr3	149000000	149500000	42.095
Chr3	149500000	150000000	41.373
Chr3	150000000	150500000	42.1194
Chr3	150500000	151000000	43.574
Chr3	151000000	151500000	43.8964
Chr3	151500000	152000000	42.166599999999995
Chr3	152000000	152500000	42.5612
Chr3	152500000	153000000	41.731
Chr3	153000000	153500000	41.933
Chr3	153500000	154000000	42.095
Chr3	154000000	154500000	43.4418
Chr3	154500000	155000000	42.5738
Chr3	155000000	155500000	41.3586
Chr3	155500000	156000000	42.254999999999995
Chr3	156000000	156500000	41.7614
Chr3	156500000	157000000	41.786
Chr3	157000000	157500000	41.4912
Chr3	157500000	158000000	42.159200000000006
Chr3	158000000	158500000	41.4208
Chr3	158500000	159000000	42.165
Chr3	159000000	159500000	41.778
Chr3	159500000	160000000	41.7524
Chr3	160000000	160500000	41.8694
Chr3	160500000	161000000	42.1848
Chr3	161000000	161500000	42.125
Chr3	161500000	162000000	42.0564
Chr3	162000000	162500000	41.6394
Chr3	162500000	163000000	41.679
Chr3	163000000	163500000	42.1634
Chr3	163500000	164000000	42.120400000000004
Chr3	164000000	164500000	41.0186
Chr3	164500000	165000000	41.6352
Chr3	165000000	165500000	41.3136
Chr3	165500000	166000000	41.012
Chr3	166000000	166500000	40.7568
Chr3	166500000	167000000	40.489399999999996
Chr3	167000000	167500000	40.8638
Chr3	167500000	168000000	41.354
Chr3	168000000	168500000	42.5552
Chr3	168500000	169000000	42.608000000000004
Chr3	169000000	169500000	41.994
Chr3	169500000	170000000	41.4744
Chr3	170000000	170500000	42.6594
Chr3	170500000	171000000	42.9148
Chr3	171000000	171500000	42.617
Chr3	171500000	172000000	42.3648
Chr3	172000000	172500000	41.0522
Chr3	172500000	173000000	41.2836
Chr3	173000000	173500000	42.302800000000005
Chr3	173500000	174000000	41.7498
Chr3	174000000	174500000	42.078199999999995
Chr3	174500000	175000000	41.9914
Chr3	175000000	175500000	42.8572
Chr3	175500000	176000000	42.2984
Chr3	176000000	176500000	42.314
Chr3	176500000	177000000	41.4086
Chr3	177000000	177500000	42.3776
Chr3	177500000	178000000	42.4786
Chr3	178000000	178500000	42.4616
Chr3	178500000	179000000	41.0794
Chr3	179000000	179500000	41.7714
Chr3	179500000	180000000	42.6646
Chr3	180000000	180500000	42.730000000000004
Chr3	180500000	181000000	41.6828
Chr3	181000000	181500000	40.992
Chr3	181500000	182000000	42.7596
Chr3	182000000	182500000	42.702
Chr3	182500000	183000000	42.818400000000004
Chr3	183000000	183500000	43.2806
Chr3	183500000	184000000	43.2412
Chr3	184000000	184500000	42.9962
Chr3	184500000	185000000	41.2212
Chr3	185000000	185500000	41.6822
Chr3	185500000	186000000	41.7338
Chr3	186000000	186500000	41.376200000000004
Chr3	186500000	187000000	43.175999999999995
Chr3	187000000	187500000	42.0848
Chr3	187500000	188000000	43.5886
Chr3	188000000	188500000	42.3236
Chr3	188500000	189000000	42.6188
Chr3	189000000	189500000	42.0288
Chr3	189500000	190000000	41.3694
Chr3	190000000	190500000	41.8922
Chr3	190500000	191000000	41.9816
Chr3	191000000	191500000	43.052
Chr3	191500000	192000000	41.8044
Chr3	192000000	192500000	45.8782
Chr3	192500000	193000000	42.5332
Chr3	193000000	193500000	43.0062
Chr3	193500000	194000000	42.952600000000004
Chr3	194000000	194500000	42.9646
Chr3	194500000	195000000	43.1286
Chr3	195000000	195500000	43.0774
Chr3	195500000	196000000	43.559
Chr3	196000000	196500000	43.0996
Chr3	196500000	197000000	43.9
Chr3	197000000	197500000	43.2682
Chr3	197500000	198000000	43.8522
Chr3	198000000	198500000	44.1546
Chr3	198500000	199000000	44.3784
Chr3	199000000	199500000	43.980399999999996
Chr3	199500000	200000000	43.979
Chr3	200000000	200500000	43.2228
Chr3	200500000	201000000	43.797000000000004
Chr3	201000000	201500000	44.546400000000006
Chr3	201500000	202000000	44.800200000000004
Chr3	202000000	202500000	44.8774
Chr3	202500000	203000000	44.892199999999995
Chr3	203000000	203500000	46.200599999999994
Chr3	203500000	204000000	46.089999999999996
Chr3	204000000	204500000	46.785399999999996
Chr3	204500000	205000000	45.8358
Chr3	205000000	205500000	46.9078
Chr3	205500000	206000000	48.5956
Chr3	206000000	206500000	49.9998
Chr3	206500000	207000000	50.3548
Chr3	207000000	207500000	53.494200000000006
Chr3	207500000	207721411	53.40385075718912
Chr4	0	500000	54.2008
Chr4	500000	1000000	53.080799999999996
Chr4	1000000	1500000	51.5134
Chr4	1500000	2000000	49.6314
Chr4	2000000	2500000	47.2724
Chr4	2500000	3000000	47.4844
Chr4	3000000	3500000	46.7802
Chr4	3500000	4000000	45.633
Chr4	4000000	4500000	45.616
Chr4	4500000	5000000	43.4086
Chr4	5000000	5500000	43.358000000000004
Chr4	5500000	6000000	45.0494
Chr4	6000000	6500000	44.6314
Chr4	6500000	7000000	44.1408
Chr4	7000000	7500000	44.6042
Chr4	7500000	8000000	43.436
Chr4	8000000	8500000	44.4658
Chr4	8500000	9000000	43.979800000000004
Chr4	9000000	9500000	44.3542
Chr4	9500000	10000000	44.1316
Chr4	10000000	10500000	43.2042
Chr4	10500000	11000000	43.0028
Chr4	11000000	11500000	43.503
Chr4	11500000	12000000	43.2008
Chr4	12000000	12500000	42.6668
Chr4	12500000	13000000	42.5666
Chr4	13000000	13500000	43.1182
Chr4	13500000	14000000	41.7104
Chr4	14000000	14500000	43.3
Chr4	14500000	15000000	41.354800000000004
Chr4	15000000	15500000	42.5192
Chr4	15500000	16000000	42.715399999999995
Chr4	16000000	16500000	42.5702
Chr4	16500000	17000000	42.398
Chr4	17000000	17500000	42.479
Chr4	17500000	18000000	41.369
Chr4	18000000	18500000	41.91
Chr4	18500000	19000000	42.7862
Chr4	19000000	19500000	42.5848
Chr4	19500000	20000000	42.465199999999996
Chr4	20000000	20500000	40.9944
Chr4	20500000	21000000	41.9158
Chr4	21000000	21500000	42.3176
Chr4	21500000	22000000	42.6566
Chr4	22000000	22500000	42.3002
Chr4	22500000	23000000	42.5604
Chr4	23000000	23500000	41.908
Chr4	23500000	24000000	42.1858
Chr4	24000000	24500000	41.9316
Chr4	24500000	25000000	42.453
Chr4	25000000	25500000	42.3182
Chr4	25500000	26000000	41.8972
Chr4	26000000	26500000	41.8264
Chr4	26500000	27000000	42.093399999999995
Chr4	27000000	27500000	42.776399999999995
Chr4	27500000	28000000	42.3736
Chr4	28000000	28500000	41.105199999999996
Chr4	28500000	29000000	42.039
Chr4	29000000	29500000	42.403999999999996
Chr4	29500000	30000000	41.6294
Chr4	30000000	30500000	41.772
Chr4	30500000	31000000	41.9366
Chr4	31000000	31500000	41.6144
Chr4	31500000	32000000	41.6634
Chr4	32000000	32500000	41.1128
Chr4	32500000	33000000	42.4086
Chr4	33000000	33500000	42.7914
Chr4	33500000	34000000	41.8228
Chr4	34000000	34500000	42.0284
Chr4	34500000	35000000	41.8466
Chr4	35000000	35500000	41.157199999999996
Chr4	35500000	36000000	42.6302
Chr4	36000000	36500000	42.775800000000004
Chr4	36500000	37000000	41.7864
Chr4	37000000	37500000	42.1494
Chr4	37500000	38000000	41.629
Chr4	38000000	38500000	42.0226
Chr4	38500000	39000000	42.1322
Chr4	39000000	39500000	41.181200000000004
Chr4	39500000	40000000	42.189
Chr4	40000000	40500000	41.4426
Chr4	40500000	41000000	41.9596
Chr4	41000000	41500000	42.415000000000006
Chr4	41500000	42000000	42.8128
Chr4	42000000	42500000	42.5896
Chr4	42500000	43000000	42.4484
Chr4	43000000	43500000	42.443599999999996
Chr4	43500000	44000000	41.6686
Chr4	44000000	44500000	41.5558
Chr4	44500000	45000000	42.191
Chr4	45000000	45500000	41.391
Chr4	45500000	46000000	42.1828
Chr4	46000000	46500000	41.5824
Chr4	46500000	47000000	41.5106
Chr4	47000000	47500000	41.516999999999996
Chr4	47500000	48000000	42.1768
Chr4	48000000	48500000	41.2702
Chr4	48500000	49000000	42.004799999999996
Chr4	49000000	49500000	41.6292
Chr4	49500000	50000000	41.903600000000004
Chr4	50000000	50500000	41.132400000000004
Chr4	50500000	51000000	41.853
Chr4	51000000	51500000	42.714200000000005
Chr4	51500000	52000000	42.3968
Chr4	52000000	52500000	42.1914
Chr4	52500000	53000000	42.1224
Chr4	53000000	53500000	41.597
Chr4	53500000	54000000	41.9554
Chr4	54000000	54500000	42.605599999999995
Chr4	54500000	55000000	42.147400000000005
Chr4	55000000	55500000	41.7644
Chr4	55500000	56000000	40.759
Chr4	56000000	56500000	42.1236
Chr4	56500000	57000000	42.0146
Chr4	57000000	57500000	42.537000000000006
Chr4	57500000	58000000	42.266799999999996
Chr4	58000000	58500000	41.1828
Chr4	58500000	59000000	42.0566
Chr4	59000000	59500000	42.178
Chr4	59500000	60000000	42.5634
Chr4	60000000	60500000	42.5516
Chr4	60500000	61000000	41.397
Chr4	61000000	61500000	42.8396
Chr4	61500000	62000000	42.0672
Chr4	62000000	62500000	42.461
Chr4	62500000	63000000	42.0468
Chr4	63000000	63500000	41.8696
Chr4	63500000	64000000	41.9766
Chr4	64000000	64500000	42.9688
Chr4	64500000	65000000	43.0616
Chr4	65000000	65500000	41.9306
Chr4	65500000	66000000	42.0124
Chr4	66000000	66500000	42.398
Chr4	66500000	67000000	43.138799999999996
Chr4	67000000	67500000	41.9752
Chr4	67500000	68000000	42.766
Chr4	68000000	68500000	42.3608
Chr4	68500000	69000000	43.517
Chr4	69000000	69500000	41.8128
Chr4	69500000	70000000	42.5016
Chr4	70000000	70500000	41.5404
Chr4	70500000	71000000	42.4484
Chr4	71000000	71500000	42.6272
Chr4	71500000	72000000	42.9086
Chr4	72000000	72500000	43.2392
Chr4	72500000	73000000	43.1178
Chr4	73000000	73500000	42.5706
Chr4	73500000	74000000	42.587599999999995
Chr4	74000000	74500000	42.3288
Chr4	74500000	75000000	42.5614
Chr4	75000000	75500000	42.5034
Chr4	75500000	76000000	42.5574
Chr4	76000000	76500000	42.6558
Chr4	76500000	77000000	42.5416
Chr4	77000000	77500000	42.940400000000004
Chr4	77500000	78000000	42.7398
Chr4	78000000	78500000	42.0642
Chr4	78500000	79000000	42.4126
Chr4	79000000	79500000	41.665400000000005
Chr4	79500000	80000000	42.397
Chr4	80000000	80500000	42.3818
Chr4	80500000	81000000	41.0896
Chr4	81000000	81500000	42.264
Chr4	81500000	82000000	41.6152
Chr4	82000000	82500000	41.506
Chr4	82500000	83000000	43.2404
Chr4	83000000	83500000	42.8588
Chr4	83500000	84000000	42.916399999999996
Chr4	84000000	84500000	42.6644
Chr4	84500000	85000000	42.940400000000004
Chr4	85000000	85500000	42.7712
Chr4	85500000	86000000	38.9082
Chr4	86000000	86500000	39.2008
Chr4	86500000	87000000	43.556200000000004
Chr4	87000000	87500000	42.003
Chr4	87500000	88000000	42.544
Chr4	88000000	88500000	42.5724
Chr4	88500000	89000000	43.1648
Chr4	89000000	89500000	43.4674
Chr4	89500000	90000000	43.7792
Chr4	90000000	90500000	42.214200000000005
Chr4	90500000	91000000	44.221199999999996
Chr4	91000000	91500000	44.1922
Chr4	91500000	92000000	43.2188
Chr4	92000000	92500000	43.1286
Chr4	92500000	93000000	43.5314
Chr4	93000000	93500000	43.7896
Chr4	93500000	94000000	43.2934
Chr4	94000000	94500000	42.681999999999995
Chr4	94500000	95000000	43.4826
Chr4	95000000	95500000	43.2842
Chr4	95500000	96000000	42.8404
Chr4	96000000	96500000	43.819599999999994
Chr4	96500000	97000000	44.3296
Chr4	97000000	97500000	45.7984
Chr4	97500000	98000000	44.7036
Chr4	98000000	98500000	44.4672
Chr4	98500000	99000000	44.3912
Chr4	99000000	99500000	45.306400000000004
Chr4	99500000	100000000	45.096199999999996
Chr4	100000000	100500000	45.3026
Chr4	100500000	101000000	44.811
Chr4	101000000	101500000	44.2206
Chr4	101500000	102000000	43.9654
Chr4	102000000	102500000	42.8726
Chr4	102500000	103000000	43.5396
Chr4	103000000	103500000	43.309999999999995
Chr4	103500000	104000000	44.0402
Chr4	104000000	104500000	43.559599999999996
Chr4	104500000	105000000	43.3712
Chr4	105000000	105500000	42.9808
Chr4	105500000	106000000	42.9458
Chr4	106000000	106500000	43.0022
Chr4	106500000	107000000	43.044
Chr4	107000000	107500000	42.9992
Chr4	107500000	108000000	43.0104
Chr4	108000000	108500000	43.028800000000004
Chr4	108500000	109000000	42.7876
Chr4	109000000	109500000	42.7776
Chr4	109500000	110000000	42.2412
Chr4	110000000	110500000	43.1656
Chr4	110500000	111000000	42.9796
Chr4	111000000	111500000	43.229600000000005
Chr4	111500000	112000000	42.342400000000005
Chr4	112000000	112500000	42.3526
Chr4	112500000	113000000	42.187000000000005
Chr4	113000000	113500000	42.605
Chr4	113500000	114000000	42.632999999999996
Chr4	114000000	114500000	41.010799999999996
Chr4	114500000	115000000	41.893
Chr4	115000000	115500000	42.597
Chr4	115500000	116000000	42.6714
Chr4	116000000	116500000	43.3268
Chr4	116500000	117000000	42.5232
Chr4	117000000	117500000	42.9482
Chr4	117500000	118000000	43.2952
Chr4	118000000	118500000	41.9176
Chr4	118500000	119000000	41.930800000000005
Chr4	119000000	119500000	41.9692
Chr4	119500000	120000000	42.3382
Chr4	120000000	120500000	42.766799999999996
Chr4	120500000	121000000	42.233599999999996
Chr4	121000000	121500000	43.379400000000004
Chr4	121500000	122000000	43.5178
Chr4	122000000	122500000	45.3476
Chr4	122500000	123000000	42.197
Chr4	123000000	123500000	42.0216
Chr4	123500000	124000000	42.699999999999996
Chr4	124000000	124500000	42.502
Chr4	124500000	125000000	42.4574
Chr4	125000000	125500000	42.7068
Chr4	125500000	126000000	42.2454
Chr4	126000000	126500000	42.275800000000004
Chr4	126500000	127000000	42.416399999999996
Chr4	127000000	127500000	42.1346
Chr4	127500000	128000000	42.3538
Chr4	128000000	128500000	41.5062
Chr4	128500000	129000000	41.377399999999994
Chr4	129000000	129500000	42.338
Chr4	129500000	130000000	42.343199999999996
Chr4	130000000	130500000	42.118
Chr4	130500000	131000000	41.397600000000004
Chr4	131000000	131500000	42.528
Chr4	131500000	132000000	42.227199999999996
Chr4	132000000	132500000	41.970600000000005
Chr4	132500000	133000000	42.502
Chr4	133000000	133500000	41.6708
Chr4	133500000	134000000	42.1856
Chr4	134000000	134500000	42.0122
Chr4	134500000	135000000	42.9968
Chr4	135000000	135500000	41.604600000000005
Chr4	135500000	136000000	42.148
Chr4	136000000	136500000	41.1328
Chr4	136500000	137000000	42.2532
Chr4	137000000	137500000	41.6374
Chr4	137500000	138000000	41.1226
Chr4	138000000	138500000	41.9654
Chr4	138500000	139000000	42.8092
Chr4	139000000	139500000	42.681400000000004
Chr4	139500000	140000000	41.7706
Chr4	140000000	140500000	42.519400000000005
Chr4	140500000	141000000	43.372
Chr4	141000000	141500000	42.6552
Chr4	141500000	142000000	42.1472
Chr4	142000000	142500000	41.8302
Chr4	142500000	143000000	41.5548
Chr4	143000000	143500000	41.914
Chr4	143500000	144000000	41.9566
Chr4	144000000	144500000	41.7136
Chr4	144500000	145000000	42.875
Chr4	145000000	145500000	41.873599999999996
Chr4	145500000	146000000	43.382
Chr4	146000000	146500000	42.825
Chr4	146500000	147000000	43.3058
Chr4	147000000	147500000	41.9088
Chr4	147500000	148000000	43.3528
Chr4	148000000	148500000	42.7254
Chr4	148500000	149000000	42.8838
Chr4	149000000	149500000	44.1128
Chr4	149500000	150000000	43.257
Chr4	150000000	150500000	41.7718
Chr4	150500000	151000000	44.3636
Chr4	151000000	151500000	43.036
Chr4	151500000	152000000	43.0092
Chr4	152000000	152500000	43.1236
Chr4	152500000	153000000	43.2896
Chr4	153000000	153500000	43.4388
Chr4	153500000	154000000	43.4896
Chr4	154000000	154500000	42.9878
Chr4	154500000	155000000	43.236599999999996
Chr4	155000000	155500000	43.806400000000004
Chr4	155500000	156000000	42.714
Chr4	156000000	156500000	41.85
Chr4	156500000	157000000	42.660199999999996
Chr4	157000000	157500000	42.9028
Chr4	157500000	158000000	42.9864
Chr4	158000000	158500000	43.513000000000005
Chr4	158500000	159000000	42.733
Chr4	159000000	159500000	43.269000000000005
Chr4	159500000	160000000	42.8346
Chr4	160000000	160500000	42.701
Chr4	160500000	161000000	42.8954
Chr4	161000000	161500000	41.649
Chr4	161500000	162000000	42.1702
Chr4	162000000	162500000	42.5536
Chr4	162500000	163000000	42.58
Chr4	163000000	163500000	42.4998
Chr4	163500000	164000000	42.4686
Chr4	164000000	164500000	42.7846
Chr4	164500000	165000000	42.9354
Chr4	165000000	165500000	42.4886
Chr4	165500000	166000000	42.8162
Chr4	166000000	166500000	43.291000000000004
Chr4	166500000	167000000	42.8488
Chr4	167000000	167500000	42.1078
Chr4	167500000	168000000	41.9482
Chr4	168000000	168500000	42.376599999999996
Chr4	168500000	169000000	42.8786
Chr4	169000000	169500000	42.7004
Chr4	169500000	170000000	43.827
Chr4	170000000	170500000	42.838
Chr4	170500000	171000000	42.0798
Chr4	171000000	171500000	41.449000000000005
Chr4	171500000	172000000	41.8298
Chr4	172000000	172500000	42.3072
Chr4	172500000	173000000	42.278999999999996
Chr4	173000000	173500000	43.2442
Chr4	173500000	174000000	42.7138
Chr4	174000000	174500000	41.91
Chr4	174500000	175000000	42.8848
Chr4	175000000	175500000	42.5394
Chr4	175500000	176000000	43.021
Chr4	176000000	176500000	41.867599999999996
Chr4	176500000	177000000	42.5568
Chr4	177000000	177500000	42.5412
Chr4	177500000	178000000	42.8886
Chr4	178000000	178500000	43.1958
Chr4	178500000	179000000	42.4822
Chr4	179000000	179500000	42.8876
Chr4	179500000	180000000	43.93
Chr4	180000000	180500000	43.1798
Chr4	180500000	181000000	43.0314
Chr4	181000000	181500000	41.9602
Chr4	181500000	182000000	41.8926
Chr4	182000000	182500000	41.9846
Chr4	182500000	183000000	43.1366
Chr4	183000000	183500000	43.8288
Chr4	183500000	184000000	43.277
Chr4	184000000	184500000	42.3418
Chr4	184500000	185000000	43.0314
Chr4	185000000	185500000	42.5192
Chr4	185500000	186000000	43.5664
Chr4	186000000	186500000	43.307
Chr4	186500000	187000000	43.196200000000005
Chr4	187000000	187500000	43.2258
Chr4	187500000	188000000	43.6518
Chr4	188000000	188500000	43.416
Chr4	188500000	189000000	42.620999999999995
Chr4	189000000	189500000	43.9242
Chr4	189500000	190000000	43.3294
Chr4	190000000	190500000	43.7202
Chr4	190500000	191000000	43.0466
Chr4	191000000	191500000	43.4624
Chr4	191500000	192000000	43.697599999999994
Chr4	192000000	192500000	45.005
Chr4	192500000	193000000	43.8676
Chr4	193000000	193500000	44.783
Chr4	193500000	194000000	45.379599999999996
Chr4	194000000	194500000	45.5866
Chr4	194500000	195000000	46.7724
Chr4	195000000	195500000	45.199
Chr4	195500000	196000000	47.5458
Chr4	196000000	196500000	47.9518
Chr4	196500000	197000000	49.2354
Chr4	197000000	197500000	48.063
Chr4	197500000	198000000	49.994
Chr4	198000000	198500000	52.5802
Chr4	198500000	199000000	54.18619999999999
Chr4	199000000	199135708	50.062634479912745
Chr5	0	500000	55.0684
Chr5	500000	1000000	54.007000000000005
Chr5	1000000	1500000	49.815
Chr5	1500000	2000000	48.5008
Chr5	2000000	2500000	47.3084
Chr5	2500000	3000000	47.672799999999995
Chr5	3000000	3500000	45.7774
Chr5	3500000	4000000	46.206399999999995
Chr5	4000000	4500000	45.1264
Chr5	4500000	5000000	45.690599999999996
Chr5	5000000	5500000	45.041199999999996
Chr5	5500000	6000000	43.998599999999996
Chr5	6000000	6500000	42.7398
Chr5	6500000	7000000	43.0974
Chr5	7000000	7500000	43.7476
Chr5	7500000	8000000	43.2896
Chr5	8000000	8500000	42.5562
Chr5	8500000	9000000	41.5584
Chr5	9000000	9500000	42.2802
Chr5	9500000	10000000	42.7858
Chr5	10000000	10500000	43.4412
Chr5	10500000	11000000	43.7294
Chr5	11000000	11500000	42.8194
Chr5	11500000	12000000	42.925799999999995
Chr5	12000000	12500000	41.207
Chr5	12500000	13000000	42.1136
Chr5	13000000	13500000	42.0572
Chr5	13500000	14000000	41.8928
Chr5	14000000	14500000	43.848
Chr5	14500000	15000000	41.803000000000004
Chr5	15000000	15500000	42.320600000000006
Chr5	15500000	16000000	43.4998
Chr5	16000000	16500000	43.1574
Chr5	16500000	17000000	41.411
Chr5	17000000	17500000	41.9326
Chr5	17500000	18000000	41.7354
Chr5	18000000	18500000	41.7528
Chr5	18500000	19000000	42.0336
Chr5	19000000	19500000	42.946200000000005
Chr5	19500000	20000000	42.4458
Chr5	20000000	20500000	42.0646
Chr5	20500000	21000000	41.0844
Chr5	21000000	21500000	41.511399999999995
Chr5	21500000	22000000	42.43
Chr5	22000000	22500000	42.0298
Chr5	22500000	23000000	43.22
Chr5	23000000	23500000	42.313
Chr5	23500000	24000000	42.8068
Chr5	24000000	24500000	42.314
Chr5	24500000	25000000	41.5498
Chr5	25000000	25500000	43.032199999999996
Chr5	25500000	26000000	41.590199999999996
Chr5	26000000	26500000	41.6636
Chr5	26500000	27000000	41.6292
Chr5	27000000	27500000	42.0734
Chr5	27500000	28000000	42.7508
Chr5	28000000	28500000	42.6582
Chr5	28500000	29000000	41.0004
Chr5	29000000	29500000	42.1162
Chr5	29500000	30000000	42.3302
Chr5	30000000	30500000	42.8472
Chr5	30500000	31000000	42.4124
Chr5	31000000	31500000	42.3506
Chr5	31500000	32000000	41.864200000000004
Chr5	32000000	32500000	42.208800000000004
Chr5	32500000	33000000	41.662
Chr5	33000000	33500000	41.6382
Chr5	33500000	34000000	42.0468
Chr5	34000000	34500000	42.3994
Chr5	34500000	35000000	41.6694
Chr5	35000000	35500000	41.8744
Chr5	35500000	36000000	42.376599999999996
Chr5	36000000	36500000	41.982
Chr5	36500000	37000000	41.9594
Chr5	37000000	37500000	41.8272
Chr5	37500000	38000000	41.6266
Chr5	38000000	38500000	42.5016
Chr5	38500000	39000000	42.8054
Chr5	39000000	39500000	41.9278
Chr5	39500000	40000000	42.5296
Chr5	40000000	40500000	42.881
Chr5	40500000	41000000	42.1374
Chr5	41000000	41500000	42.515
Chr5	41500000	42000000	42.7228
Chr5	42000000	42500000	41.6828
Chr5	42500000	43000000	42.5574
Chr5	43000000	43500000	41.388799999999996
Chr5	43500000	44000000	43.1862
Chr5	44000000	44500000	41.9186
Chr5	44500000	45000000	43.1958
Chr5	45000000	45500000	41.861
Chr5	45500000	46000000	42.398
Chr5	46000000	46500000	42.8726
Chr5	46500000	47000000	42.3082
Chr5	47000000	47500000	41.0486
Chr5	47500000	48000000	43.5346
Chr5	48000000	48500000	42.491800000000005
Chr5	48500000	49000000	42.2456
Chr5	49000000	49500000	42.2066
Chr5	49500000	50000000	42.211999999999996
Chr5	50000000	50500000	41.462199999999996
Chr5	50500000	51000000	41.8228
Chr5	51000000	51500000	41.5414
Chr5	51500000	52000000	41.927
Chr5	52000000	52500000	42.1772
Chr5	52500000	53000000	42.93
Chr5	53000000	53500000	43.0554
Chr5	53500000	54000000	42.149
Chr5	54000000	54500000	42.4238
Chr5	54500000	55000000	42.9704
Chr5	55000000	55500000	42.7436
Chr5	55500000	56000000	43.1686
Chr5	56000000	56500000	43.0042
Chr5	56500000	57000000	43.0096
Chr5	57000000	57500000	42.5358
Chr5	57500000	58000000	42.398
Chr5	58000000	58500000	42.568
Chr5	58500000	59000000	42.8816
Chr5	59000000	59500000	43.38
Chr5	59500000	60000000	42.2606
Chr5	60000000	60500000	43.684400000000004
Chr5	60500000	61000000	43.5868
Chr5	61000000	61500000	43.6652
Chr5	61500000	62000000	43.7232
Chr5	62000000	62500000	43.888
Chr5	62500000	63000000	43.1422
Chr5	63000000	63500000	42.486200000000004
Chr5	63500000	64000000	43.2758
Chr5	64000000	64500000	42.998999999999995
Chr5	64500000	65000000	42.686
Chr5	65000000	65500000	43.6664
Chr5	65500000	66000000	43.7084
Chr5	66000000	66500000	44.482
Chr5	66500000	67000000	43.8964
Chr5	67000000	67500000	44.0618
Chr5	67500000	68000000	44.3504
Chr5	68000000	68500000	43.967
Chr5	68500000	69000000	43.7852
Chr5	69000000	69500000	43.6044
Chr5	69500000	70000000	43.0914
Chr5	70000000	70500000	43.3872
Chr5	70500000	71000000	43.9694
Chr5	71000000	71500000	44.4094
Chr5	71500000	72000000	44.3138
Chr5	72000000	72500000	43.9574
Chr5	72500000	73000000	42.8214
Chr5	73000000	73500000	43.6348
Chr5	73500000	74000000	43.9944
Chr5	74000000	74500000	44.2878
Chr5	74500000	75000000	44.0786
Chr5	75000000	75500000	44.0394
Chr5	75500000	76000000	43.1566
Chr5	76000000	76500000	43.2502
Chr5	76500000	77000000	42.4486
Chr5	77000000	77500000	42.8956
Chr5	77500000	78000000	44.3532
Chr5	78000000	78500000	44.6998
Chr5	78500000	79000000	44.1458
Chr5	79000000	79500000	44.201
Chr5	79500000	80000000	43.672
Chr5	80000000	80500000	45.300200000000004
Chr5	80500000	81000000	45.8114
Chr5	81000000	81500000	44.4826
Chr5	81500000	82000000	42.937599999999996
Chr5	82000000	82500000	42.233399999999996
Chr5	82500000	83000000	42.161
Chr5	83000000	83500000	42.117399999999996
Chr5	83500000	84000000	42.3324
Chr5	84000000	84500000	42.4126
Chr5	84500000	85000000	43.213
Chr5	85000000	85500000	43.2716
Chr5	85500000	86000000	44.358399999999996
Chr5	86000000	86500000	42.178399999999996
Chr5	86500000	87000000	42.0636
Chr5	87000000	87500000	42.6796
Chr5	87500000	88000000	42.714600000000004
Chr5	88000000	88500000	44.9842
Chr5	88500000	89000000	45.041599999999995
Chr5	89000000	89500000	44.3268
Chr5	89500000	90000000	44.8972
Chr5	90000000	90500000	45.1948
Chr5	90500000	91000000	44.7758
Chr5	91000000	91500000	44.7482
Chr5	91500000	92000000	45.3388
Chr5	92000000	92500000	45.1414
Chr5	92500000	93000000	45.0648
Chr5	93000000	93500000	45.757799999999996
Chr5	93500000	94000000	45.2698
Chr5	94000000	94500000	45.7204
Chr5	94500000	95000000	45.246199999999995
Chr5	95000000	95500000	45.827200000000005
Chr5	95500000	96000000	43.3092
Chr5	96000000	96500000	45.506
Chr5	96500000	97000000	44.7898
Chr5	97000000	97500000	46.3082
Chr5	97500000	98000000	47.083000000000006
Chr5	98000000	98500000	49.3732
Chr5	98500000	99000000	48.9724
Chr5	99000000	99500000	50.4552
Chr5	99500000	100000000	51.830799999999996
Chr5	100000000	100500000	53.196600000000004
Chr5	100500000	101000000	56.5242
Chr5	101000000	101298731	55.099403811455794
Chr6	0	500000	49.0808
Chr6	500000	1000000	46.6172
Chr6	1000000	1500000	45.452799999999996
Chr6	1500000	2000000	45.0976
Chr6	2000000	2500000	44.6594
Chr6	2500000	3000000	44.296
Chr6	3000000	3500000	44.7022
Chr6	3500000	4000000	42.3688
Chr6	4000000	4500000	43.9392
Chr6	4500000	5000000	43.236599999999996
Chr6	5000000	5500000	42.601
Chr6	5500000	6000000	42.5214
Chr6	6000000	6500000	42.2958
Chr6	6500000	7000000	42.3202
Chr6	7000000	7500000	42.5294
Chr6	7500000	8000000	41.9328
Chr6	8000000	8500000	42.024
Chr6	8500000	9000000	42.3468
Chr6	9000000	9500000	43.1514
Chr6	9500000	10000000	42.891600000000004
Chr6	10000000	10500000	42.5006
Chr6	10500000	11000000	42.594
Chr6	11000000	11500000	42.569
Chr6	11500000	12000000	42.464
Chr6	12000000	12500000	41.566199999999995
Chr6	12500000	13000000	42.96
Chr6	13000000	13500000	42.6218
Chr6	13500000	14000000	42.674800000000005
Chr6	14000000	14500000	42.562
Chr6	14500000	15000000	41.4722
Chr6	15000000	15500000	42.124
Chr6	15500000	16000000	43.4174
Chr6	16000000	16500000	42.3186
Chr6	16500000	17000000	41.8694
Chr6	17000000	17500000	41.980000000000004
Chr6	17500000	18000000	42.9846
Chr6	18000000	18500000	42.2732
Chr6	18500000	19000000	41.636
Chr6	19000000	19500000	42.8776
Chr6	19500000	20000000	42.8444
Chr6	20000000	20500000	42.1434
Chr6	20500000	21000000	43.343399999999995
Chr6	21000000	21500000	41.997800000000005
Chr6	21500000	22000000	42.3448
Chr6	22000000	22500000	41.5066
Chr6	22500000	23000000	41.357
Chr6	23000000	23500000	41.44
Chr6	23500000	24000000	42.403400000000005
Chr6	24000000	24500000	41.573
Chr6	24500000	25000000	42.9392
Chr6	25000000	25500000	42.5362
Chr6	25500000	26000000	42.7924
Chr6	26000000	26500000	42.5308
Chr6	26500000	27000000	43.397200000000005
Chr6	27000000	27500000	42.3926
Chr6	27500000	28000000	43.099399999999996
Chr6	28000000	28500000	42.9612
Chr6	28500000	29000000	42.7172
Chr6	29000000	29500000	41.808
Chr6	29500000	30000000	42.269800000000004
Chr6	30000000	30500000	41.959
Chr6	30500000	31000000	42.660599999999995
Chr6	31000000	31500000	42.435
Chr6	31500000	32000000	43.019800000000004
Chr6	32000000	32500000	42.5394
Chr6	32500000	33000000	42.992599999999996
Chr6	33000000	33500000	42.0824
Chr6	33500000	34000000	42.8714
Chr6	34000000	34500000	43.064
Chr6	34500000	35000000	42.790800000000004
Chr6	35000000	35500000	42.1898
Chr6	35500000	36000000	41.8402
Chr6	36000000	36500000	41.7954
Chr6	36500000	37000000	40.9848
Chr6	37000000	37500000	41.881
Chr6	37500000	38000000	41.717999999999996
Chr6	38000000	38500000	42.3994
Chr6	38500000	39000000	42.1296
Chr6	39000000	39500000	41.996
Chr6	39500000	40000000	41.1184
Chr6	40000000	40500000	43.1506
Chr6	40500000	41000000	42.775
Chr6	41000000	41500000	42.6568
Chr6	41500000	42000000	42.180800000000005
Chr6	42000000	42500000	41.9796
Chr6	42500000	43000000	41.975
Chr6	43000000	43500000	43.08
Chr6	43500000	44000000	42.0426
Chr6	44000000	44500000	42.6252
Chr6	44500000	45000000	42.0978
Chr6	45000000	45500000	41.830600000000004
Chr6	45500000	46000000	42.161
Chr6	46000000	46500000	42.3636
Chr6	46500000	47000000	41.247
Chr6	47000000	47500000	41.7582
Chr6	47500000	48000000	41.474
Chr6	48000000	48500000	41.6558
Chr6	48500000	49000000	41.8234
Chr6	49000000	49500000	42.5212
Chr6	49500000	50000000	40.8168
Chr6	50000000	50500000	41.7244
Chr6	50500000	51000000	42.026799999999994
Chr6	51000000	51500000	41.775600000000004
Chr6	51500000	52000000	41.3142
Chr6	52000000	52500000	42.3382
Chr6	52500000	53000000	41.633199999999995
Chr6	53000000	53500000	42.973
Chr6	53500000	54000000	42.4664
Chr6	54000000	54500000	42.3352
Chr6	54500000	55000000	42.343399999999995
Chr6	55000000	55500000	41.8586
Chr6	55500000	56000000	42.187799999999996
Chr6	56000000	56500000	40.9518
Chr6	56500000	57000000	42.46
Chr6	57000000	57500000	42.4658
Chr6	57500000	58000000	41.8666
Chr6	58000000	58500000	42.824
Chr6	58500000	59000000	42.9184
Chr6	59000000	59500000	42.503
Chr6	59500000	60000000	42.5396
Chr6	60000000	60500000	42.715599999999995
Chr6	60500000	61000000	43.2744
Chr6	61000000	61500000	43.5298
Chr6	61500000	62000000	43.4414
Chr6	62000000	62500000	44.355
Chr6	62500000	63000000	43.4124
Chr6	63000000	63500000	44.3626
Chr6	63500000	64000000	44.0924
Chr6	64000000	64500000	43.2738
Chr6	64500000	65000000	45.824999999999996
Chr6	65000000	65500000	45.9596
Chr6	65500000	66000000	46.7138
Chr6	66000000	66500000	49.138799999999996
Chr6	66500000	67000000	49.758599999999994
Chr6	67000000	67500000	51.1148
Chr6	67500000	68000000	55.24
Chr6	68000000	68222232	51.78102163504806
Chr7	0	500000	48.0346
Chr7	500000	1000000	45.6126
Chr7	1000000	1500000	44.9232
Chr7	1500000	2000000	45.1378
Chr7	2000000	2500000	43.952000000000005
Chr7	2500000	3000000	44.531
Chr7	3000000	3500000	42.791000000000004
Chr7	3500000	4000000	43.3206
Chr7	4000000	4500000	43.0188
Chr7	4500000	5000000	42.4294
Chr7	5000000	5500000	43.7834
Chr7	5500000	6000000	43.6672
Chr7	6000000	6500000	41.915400000000005
Chr7	6500000	7000000	42.8062
Chr7	7000000	7500000	43.025999999999996
Chr7	7500000	8000000	42.0582
Chr7	8000000	8500000	42.5438
Chr7	8500000	9000000	42.0146
Chr7	9000000	9500000	42.774
Chr7	9500000	10000000	42.4258
Chr7	10000000	10500000	42.488
Chr7	10500000	11000000	41.026
Chr7	11000000	11500000	42.198600000000006
Chr7	11500000	12000000	41.085
Chr7	12000000	12500000	42.2738
Chr7	12500000	13000000	42.185
Chr7	13000000	13500000	41.999399999999994
Chr7	13500000	14000000	42.6232
Chr7	14000000	14500000	42.581
Chr7	14500000	15000000	42.4216
Chr7	15000000	15500000	42.1124
Chr7	15500000	16000000	42.693599999999996
Chr7	16000000	16500000	42.9676
Chr7	16500000	17000000	42.0912
Chr7	17000000	17500000	41.632000000000005
Chr7	17500000	18000000	41.8886
Chr7	18000000	18500000	42.680800000000005
Chr7	18500000	19000000	42.44
Chr7	19000000	19500000	42.2048
Chr7	19500000	20000000	41.9114
Chr7	20000000	20500000	42.404799999999994
Chr7	20500000	21000000	41.9058
Chr7	21000000	21500000	42.3182
Chr7	21500000	22000000	42.5446
Chr7	22000000	22500000	41.8308
Chr7	22500000	23000000	42.1846
Chr7	23000000	23500000	43.8572
Chr7	23500000	24000000	44.1858
Chr7	24000000	24500000	43.8292
Chr7	24500000	25000000	44.672
Chr7	25000000	25500000	44.6604
Chr7	25500000	26000000	43.9206
Chr7	26000000	26500000	43.3798
Chr7	26500000	27000000	43.86
Chr7	27000000	27500000	43.965199999999996
Chr7	27500000	28000000	42.946400000000004
Chr7	28000000	28500000	42.9534
Chr7	28500000	29000000	43.4902
Chr7	29000000	29500000	43.2346
Chr7	29500000	30000000	42.784800000000004
Chr7	30000000	30500000	43.559
Chr7	30500000	31000000	42.685
Chr7	31000000	31500000	42.8142
Chr7	31500000	32000000	42.9136
Chr7	32000000	32500000	43.3886
Chr7	32500000	33000000	43.5706
Chr7	33000000	33500000	43.1764
Chr7	33500000	34000000	43.974999999999994
Chr7	34000000	34500000	42.391600000000004
Chr7	34500000	35000000	42.4854
Chr7	35000000	35500000	42.404599999999995
Chr7	35500000	36000000	42.0784
Chr7	36000000	36500000	43.0098
Chr7	36500000	37000000	43.675399999999996
Chr7	37000000	37500000	42.742200000000004
Chr7	37500000	38000000	42.6648
Chr7	38000000	38500000	43.236799999999995
Chr7	38500000	39000000	43.337599999999995
Chr7	39000000	39500000	43.1612
Chr7	39500000	40000000	42.254599999999996
Chr7	40000000	40500000	42.6412
Chr7	40500000	41000000	41.8586
Chr7	41000000	41500000	42.437000000000005
Chr7	41500000	42000000	43.4984
Chr7	42000000	42500000	43.4098
Chr7	42500000	43000000	43.7886
Chr7	43000000	43500000	43.8476
Chr7	43500000	44000000	44.742599999999996
Chr7	44000000	44500000	44.5422
Chr7	44500000	45000000	43.057
Chr7	45000000	45500000	43.8664
Chr7	45500000	46000000	42.7926
Chr7	46000000	46500000	42.641
Chr7	46500000	47000000	42.1408
Chr7	47000000	47500000	42.874
Chr7	47500000	48000000	43.730000000000004
Chr7	48000000	48500000	42.306
Chr7	48500000	49000000	42.8802
Chr7	49000000	49500000	43.991
Chr7	49500000	50000000	43.241
Chr7	50000000	50500000	43.7058
Chr7	50500000	51000000	43.666
Chr7	51000000	51500000	42.2888
Chr7	51500000	52000000	41.9272
Chr7	52000000	52500000	42.6324
Chr7	52500000	53000000	42.0944
Chr7	53000000	53500000	41.9514
Chr7	53500000	54000000	43.3224
Chr7	54000000	54500000	43.2544
Chr7	54500000	55000000	43.0244
Chr7	55000000	55500000	42.803999999999995
Chr7	55500000	56000000	43.5858
Chr7	56000000	56500000	42.7866
Chr7	56500000	57000000	42.49
Chr7	57000000	57500000	41.267399999999995
Chr7	57500000	58000000	42.3796
Chr7	58000000	58500000	43.085
Chr7	58500000	59000000	43.580200000000005
Chr7	59000000	59500000	42.748799999999996
Chr7	59500000	60000000	43.8614
Chr7	60000000	60500000	43.9664
Chr7	60500000	61000000	43.852999999999994
Chr7	61000000	61500000	45.134800000000006
Chr7	61500000	62000000	47.6178
Chr7	62000000	62500000	49.7228
Chr7	62500000	63000000	50.7912
Chr7	63000000	63500000	52.016
Chr7	63500000	63591337	50.01478042852294
Chr8	0	500000	54.1434
Chr8	500000	1000000	51.205
Chr8	1000000	1500000	50.2382
Chr8	1500000	2000000	46.743
Chr8	2000000	2500000	46.408
Chr8	2500000	3000000	47.4784
Chr8	3000000	3500000	46.7882
Chr8	3500000	4000000	44.4238
Chr8	4000000	4500000	44.2528
Chr8	4500000	5000000	44.228
Chr8	5000000	5500000	43.3368
Chr8	5500000	6000000	44.257000000000005
Chr8	6000000	6500000	44.906800000000004
Chr8	6500000	7000000	44.2986
Chr8	7000000	7500000	45.1176
Chr8	7500000	8000000	44.3196
Chr8	8000000	8500000	43.4492
Chr8	8500000	9000000	43.571
Chr8	9000000	9500000	43.1822
Chr8	9500000	10000000	43.702000000000005
Chr8	10000000	10500000	41.8182
Chr8	10500000	11000000	41.8012
Chr8	11000000	11500000	42.7844
Chr8	11500000	12000000	43.376999999999995
Chr8	12000000	12500000	42.8394
Chr8	12500000	13000000	42.2732
Chr8	13000000	13500000	43.5566
Chr8	13500000	14000000	43.8442
Chr8	14000000	14500000	44.022
Chr8	14500000	15000000	43.4562
Chr8	15000000	15500000	44.9768
Chr8	15500000	16000000	44.4858
Chr8	16000000	16500000	43.85
Chr8	16500000	17000000	41.9668
Chr8	17000000	17500000	43.7252
Chr8	17500000	18000000	44.4966
Chr8	18000000	18500000	43.7344
Chr8	18500000	19000000	43.153000000000006
Chr8	19000000	19500000	43.1504
Chr8	19500000	20000000	43.1256
Chr8	20000000	20500000	43.0708
Chr8	20500000	21000000	43.5666
Chr8	21000000	21500000	43.294
Chr8	21500000	22000000	43.6262
Chr8	22000000	22500000	43.5292
Chr8	22500000	23000000	43.391999999999996
Chr8	23000000	23500000	43.5244
Chr8	23500000	24000000	43.386
Chr8	24000000	24500000	44.229600000000005
Chr8	24500000	25000000	44.8574
Chr8	25000000	25500000	44.784
Chr8	25500000	26000000	43.8866
Chr8	26000000	26500000	43.9602
Chr8	26500000	27000000	45.2214
Chr8	27000000	27500000	44.562400000000004
Chr8	27500000	28000000	44.648199999999996
Chr8	28000000	28500000	44.2026
Chr8	28500000	29000000	44.9994
Chr8	29000000	29500000	44.626599999999996
Chr8	29500000	30000000	43.5122
Chr8	30000000	30500000	45.5186
Chr8	30500000	31000000	44.363
Chr8	31000000	31500000	44.1666
Chr8	31500000	32000000	44.4896
Chr8	32000000	32500000	44.8474
Chr8	32500000	33000000	44.6354
Chr8	33000000	33500000	45.0928
Chr8	33500000	34000000	44.6452
Chr8	34000000	34500000	42.789
Chr8	34500000	35000000	42.616
Chr8	35000000	35500000	43.2852
Chr8	35500000	36000000	42.2402
Chr8	36000000	36500000	44.925
Chr8	36500000	37000000	44.588
Chr8	37000000	37500000	47.5846
Chr8	37500000	38000000	46.575
Chr8	38000000	38500000	43.4994
Chr8	38500000	39000000	42.027
Chr8	39000000	39500000	43.7804
Chr8	39500000	40000000	43.412
Chr8	40000000	40500000	44.160199999999996
Chr8	40500000	41000000	46.2888
Chr8	41000000	41500000	45.3952
Chr8	41500000	42000000	44.4306
Chr8	42000000	42500000	49.0202
Chr8	42500000	43000000	48.7244
Chr8	43000000	43500000	47.943599999999996
Chr8	43500000	44000000	46.354
Chr8	44000000	44500000	46.86
Chr8	44500000	45000000	45.6676
Chr8	45000000	45500000	45.7156
Chr8	45500000	46000000	46.1284
Chr8	46000000	46500000	46.4262
Chr8	46500000	47000000	46.6308
Chr8	47000000	47500000	45.8414
Chr8	47500000	48000000	45.656
Chr8	48000000	48500000	45.4518
Chr8	48500000	49000000	45.0264
Chr8	49000000	49500000	46.5836
Chr8	49500000	50000000	45.601
Chr8	50000000	50500000	46.373599999999996
Chr8	50500000	51000000	46.4704
Chr8	51000000	51500000	44.196200000000005
Chr8	51500000	52000000	46.5718
Chr8	52000000	52500000	53.5232
Chr8	52500000	52991970	54.605768644429546
Chr9	0	500000	46.6312
Chr9	500000	1000000	46.8918
Chr9	1000000	1500000	45.2088
Chr9	1500000	2000000	44.7136
Chr9	2000000	2500000	43.8714
Chr9	2500000	3000000	42.849599999999995
Chr9	3000000	3500000	42.6048
Chr9	3500000	4000000	42.9096
Chr9	4000000	4500000	42.8428
Chr9	4500000	5000000	43.931
Chr9	5000000	5500000	45.9026
Chr9	5500000	6000000	43.8808
Chr9	6000000	6500000	42.397600000000004
Chr9	6500000	7000000	41.6578
Chr9	7000000	7500000	41.8132
Chr9	7500000	8000000	43.6396
Chr9	8000000	8500000	42.75
Chr9	8500000	9000000	43.138
Chr9	9000000	9500000	43.3836
Chr9	9500000	10000000	43.357
Chr9	10000000	10500000	42.7322
Chr9	10500000	11000000	41.7998
Chr9	11000000	11500000	42.8324
Chr9	11500000	12000000	43.086400000000005
Chr9	12000000	12500000	43.425200000000004
Chr9	12500000	13000000	42.977399999999996
Chr9	13000000	13500000	43.7226
Chr9	13500000	14000000	43.5034
Chr9	14000000	14500000	44.486
Chr9	14500000	15000000	45.212799999999994
Chr9	15000000	15500000	44.2892
Chr9	15500000	16000000	47.0808
Chr9	16000000	16500000	46.6018
Chr9	16500000	17000000	49.4034
Chr9	17000000	17500000	48.733
Chr9	17500000	18000000	51.0242
Chr9	18000000	18500000	44.6332
Chr9	18500000	19000000	45.9026
Chr9	19000000	19500000	44.992
Chr9	19500000	20000000	45.017
Chr9	20000000	20500000	44.8908
Chr9	20500000	21000000	45.6244
Chr9	21000000	21500000	45.877
Chr9	21500000	22000000	47.2158
Chr9	22000000	22500000	48.2924
Chr9	22500000	23000000	47.3608
Chr9	23000000	23500000	45.8652
Chr9	23500000	24000000	47.1928
Chr9	24000000	24500000	46.585
Chr9	24500000	25000000	45.586
Chr9	25000000	25500000	45.8232
Chr9	25500000	26000000	45.8896
Chr9	26000000	26500000	50.955
Chr9	26500000	27000000	54.3276
Chr9	27000000	27500000	50.36279999999999
Chr9	27500000	28000000	49.4066
Chr9	28000000	28500000	47.5498
Chr9	28500000	29000000	45.9608
Chr9	29000000	29500000	46.1042
Chr9	29500000	30000000	45.754
Chr9	30000000	30500000	44.5198
Chr9	30500000	31000000	47.160000000000004
Chr9	31000000	31500000	46.3174
Chr9	31500000	32000000	46.8022
Chr9	32000000	32500000	47.437000000000005
Chr9	32500000	33000000	45.8434
Chr9	33000000	33500000	44.339
Chr9	33500000	34000000	45.495799999999996
Chr9	34000000	34500000	45.7992
Chr9	34500000	35000000	44.8888
Chr9	35000000	35500000	45.7718
Chr9	35500000	36000000	47.044399999999996
Chr9	36000000	36500000	46.6982
Chr9	36500000	37000000	45.484
Chr9	37000000	37500000	46.5812
Chr9	37500000	37916473	46.942298780473166
Chr10	0	500000	51.188599999999994
Chr10	500000	1000000	49.129
Chr10	1000000	1500000	47.578199999999995
Chr10	1500000	2000000	45.718199999999996
Chr10	2000000	2500000	48.199999999999996
Chr10	2500000	3000000	49.2028
Chr10	3000000	3500000	48.686
Chr10	3500000	4000000	46.751
Chr10	4000000	4500000	46.4718
Chr10	4500000	5000000	47.3922
Chr10	5000000	5500000	46.639
Chr10	5500000	6000000	45.826
Chr10	6000000	6500000	47.2424
Chr10	6500000	7000000	46.2236
Chr10	7000000	7500000	46.755
Chr10	7500000	8000000	45.574799999999996
Chr10	8000000	8500000	45.525
Chr10	8500000	9000000	44.120599999999996
Chr10	9000000	9500000	45.035799999999995
Chr10	9500000	10000000	44.8292
Chr10	10000000	10500000	45.1768
Chr10	10500000	11000000	45.4296
Chr10	11000000	11500000	44.6098
Chr10	11500000	12000000	44.5916
Chr10	12000000	12500000	45.6638
Chr10	12500000	13000000	46.0342
Chr10	13000000	13500000	46.9688
Chr10	13500000	14000000	47.4236
Chr10	14000000	14500000	45.992
Chr10	14500000	15000000	45.4992
Chr10	15000000	15500000	43.2678
Chr10	15500000	16000000	45.6474
Chr10	16000000	16500000	46.5206
Chr10	16500000	17000000	47.2512
Chr10	17000000	17500000	47.8638
Chr10	17500000	18000000	46.7548
Chr10	18000000	18500000	49.1778
Chr10	18500000	19000000	47.7794
Chr10	19000000	19500000	46.4874
Chr10	19500000	20000000	46.1682
Chr10	20000000	20500000	45.9238
Chr10	20500000	21000000	48.9364
Chr10	21000000	21500000	50.517999999999994
Chr10	21500000	22000000	52.0582
Chr10	22000000	22500000	55.4098
Chr10	22500000	23000000	52.41440000000001
Chr10	23000000	23288486	55.04565212869949
Chr11	0	500000	45.3598
Chr11	500000	1000000	45.0544
Chr11	1000000	1500000	45.5802
Chr11	1500000	2000000	46.003
Chr11	2000000	2500000	46.4944
Chr11	2500000	3000000	46.3444
Chr11	3000000	3500000	47.3782
Chr11	3500000	4000000	47.7842
Chr11	4000000	4500000	48.4356
Chr11	4500000	5000000	46.2542
Chr11	5000000	5500000	47.9294
Chr11	5500000	6000000	48.0668
Chr11	6000000	6500000	51.8796
Chr11	6500000	7000000	49.325
Chr11	7000000	7500000	44.479400000000005
Chr11	7500000	8000000	44.0208
Chr11	8000000	8500000	44.7958
Chr11	8500000	9000000	45.544200000000004
Chr11	9000000	9500000	45.6
Chr11	9500000	10000000	44.235
Chr11	10000000	10500000	44.4248
Chr11	10500000	11000000	45.7966
Chr11	11000000	11500000	44.705600000000004
Chr11	11500000	12000000	44.5584
Chr11	12000000	12500000	45.4086
Chr11	12500000	13000000	44.6824
Chr11	13000000	13500000	43.897000000000006
Chr11	13500000	14000000	42.942
Chr11	14000000	14500000	43.5188
Chr11	14500000	15000000	43.587199999999996
Chr11	15000000	15500000	44.4932
Chr11	15500000	16000000	43.913999999999994
Chr11	16000000	16500000	44.102000000000004
Chr11	16500000	17000000	43.8394
Chr11	17000000	17500000	45.007799999999996
Chr11	17500000	18000000	44.142199999999995
Chr11	18000000	18500000	44.0976
Chr11	18500000	19000000	45.5758
Chr11	19000000	19500000	47.2008
Chr11	19500000	20000000	47.6792
Chr11	20000000	20500000	46.2496
Chr11	20500000	21000000	47.660599999999995
Chr11	21000000	21500000	50.5236
Chr11	21500000	22000000	56.1506
Chr11	22000000	22073887	52.091707607562896
Chr12	0	500000	55.7144
Chr12	500000	1000000	54.77760000000001
Chr12	1000000	1500000	48.862
Chr12	1500000	2000000	47.8326
Chr12	2000000	2500000	45.4386
Chr12	2500000	3000000	45.511
Chr12	3000000	3500000	44.6858
Chr12	3500000	4000000	44.5452
Chr12	4000000	4500000	44.5822
Chr12	4500000	5000000	44.6252
Chr12	5000000	5500000	44.2898
Chr12	5500000	6000000	43.142
Chr12	6000000	6500000	45.251599999999996
Chr12	6500000	7000000	44.3594
Chr12	7000000	7500000	43.162800000000004
Chr12	7500000	8000000	43.5316
Chr12	8000000	8500000	43.029
Chr12	8500000	9000000	43.1804
Chr12	9000000	9500000	42.9528
Chr12	9500000	10000000	41.6162
Chr12	10000000	10500000	43.3162
Chr12	10500000	11000000	45.6554
Chr12	11000000	11500000	48.093399999999995
Chr12	11500000	12000000	47.604400000000005
Chr12	12000000	12500000	45.2136
Chr12	12500000	13000000	43.055
Chr12	13000000	13500000	44.241
Chr12	13500000	14000000	43.225
Chr12	14000000	14500000	44.7984
Chr12	14500000	15000000	44.9886
Chr12	15000000	15500000	46.1794
Chr12	15500000	16000000	45.8438
Chr12	16000000	16500000	45.5154
Chr12	16500000	17000000	47.9204
Chr12	17000000	17500000	51.6128
Chr12	17500000	17589339	50.4986623982807
Chr13	0	500000	45.5154
Chr13	500000	1000000	44.5636
Chr13	1000000	1500000	45.0698
Chr13	1500000	2000000	43.4514
Chr13	2000000	2500000	45.7278
Chr13	2500000	3000000	46.279399999999995
Chr13	3000000	3500000	46.3846
Chr13	3500000	4000000	47.4804
Chr13	4000000	4500000	46.8566
Chr13	4500000	5000000	47.8384
Chr13	5000000	5500000	48.8
Chr13	5500000	6000000	50.4202
Chr13	6000000	6500000	53.4174
Chr13	6500000	7000000	50.5756
Chr13	7000000	7500000	46.2418
Chr13	7500000	8000000	47.382200000000005
Chr13	8000000	8500000	45.982800000000005
Chr13	8500000	9000000	46.251
Chr13	9000000	9500000	44.8822
Chr13	9500000	10000000	44.5186
Chr13	10000000	10500000	45.8834
Chr13	10500000	11000000	45.921
Chr13	11000000	11500000	46.2188
Chr13	11500000	12000000	54.81700000000001
Chr13	12000000	12500000	49.5372
Chr13	12500000	13000000	47.8074
Chr13	13000000	13500000	49.5488
Chr13	13500000	14000000	46.8544
Chr13	14000000	14500000	47.1286
Chr13	14500000	15000000	44.7926
Chr13	15000000	15500000	49.2458
Chr13	15500000	16000000	46.6218
Chr13	16000000	16500000	46.955400000000004
Chr13	16500000	16935811	47.90677610248479
Chr14	0	500000	49.64
Chr14	500000	1000000	50.0078
Chr14	1000000	1500000	47.9476
Chr14	1500000	2000000	48.143
Chr14	2000000	2500000	48.9792
Chr14	2500000	3000000	51.573
Chr14	3000000	3500000	50.344
Chr14	3500000	4000000	47.763
Chr14	4000000	4500000	48.044399999999996
Chr14	4500000	5000000	48.038399999999996
Chr14	5000000	5500000	47.486
Chr14	5500000	6000000	47.7978
Chr14	6000000	6500000	49.2554
Chr14	6500000	7000000	49.8624
Chr14	7000000	7500000	47.1374
Chr14	7500000	8000000	48.219
Chr14	8000000	8500000	46.736
Chr14	8500000	9000000	49.28
Chr14	9000000	9500000	50.7054
Chr14	9500000	10000000	51.653400000000005
Chr14	10000000	10500000	53.8782
Chr14	10500000	10960436	55.33385747422008
Chr15	0	500000	50.8826
Chr15	500000	1000000	51.9808
Chr15	1000000	1500000	50.1298
Chr15	1500000	2000000	46.318799999999996
Chr15	2000000	2500000	46.3454
Chr15	2500000	3000000	45.129799999999996
Chr15	3000000	3500000	46.300200000000004
Chr15	3500000	4000000	45.776
Chr15	4000000	4500000	46.1856
Chr15	4500000	5000000	47.1924
Chr15	5000000	5500000	46.1348
Chr15	5500000	6000000	48.6088
Chr15	6000000	6500000	46.9082
Chr15	6500000	7000000	48.8892
Chr15	7000000	7500000	48.769800000000004
Chr15	7500000	8000000	47.2902
Chr15	8000000	8500000	47.8524
Chr15	8500000	9000000	47.2228
Chr15	9000000	9500000	45.5658
Chr15	9500000	10000000	49.9502
Chr15	10000000	10500000	53.5204
Chr15	10500000	10952743	55.03718445122288
Chr16	0	500000	51.54879999999999
Chr16	500000	1000000	52.4938
Chr16	1000000	1500000	50.233000000000004
Chr16	1500000	2000000	50.3536
Chr16	2000000	2500000	46.8812
Chr16	2500000	3000000	50.135799999999996
Chr16	3000000	3500000	50.802800000000005
Chr16	3500000	4000000	51.2468
Chr16	4000000	4500000	50.0582
Chr16	4500000	5000000	50.3856
Chr16	5000000	5500000	52.6894
Chr16	5500000	6000000	52.586999999999996
Chr16	6000000	6500000	57.108000000000004
Chr16	6500000	7000000	52.962399999999995
Chr16	7000000	7500000	48.7284
Chr16	7500000	8000000	50.668800000000005
Chr16	8000000	8500000	54.55
Chr16	8500000	8809628	55.49562701047709
